types = [
    ((-4, -23, -8), 0, 'LMT'),
    ((-4, -16, -48), 0, 'CMT'),
    (-4, 0, 'ART'),
    (-3, 1, 'ARST'),
    (-2, 1, 'ARST'),
    (-3, 0, 'ART'),
    (-4, 0, 'WART'),
    (-3, 0, 'ART')
]
times = [
    ((1, 1, 2, 0, 0), 0),
    ((1894, 10, 31, 4, 23, 8), 1),
    ((1920, 5, 1, 4, 16, 48), 2),
    ((1930, 12, 1, 4, 0), 3),
    ((1931, 4, 1, 3, 0), 2),
    ((1931, 10, 15, 4, 0), 3),
    ((1932, 3, 1, 3, 0), 2),
    ((1932, 11, 1, 4, 0), 3),
    ((1933, 3, 1, 3, 0), 2),
    ((1933, 11, 1, 4, 0), 3),
    ((1934, 3, 1, 3, 0), 2),
    ((1934, 11, 1, 4, 0), 3),
    ((1935, 3, 1, 3, 0), 2),
    ((1935, 11, 1, 4, 0), 3),
    ((1936, 3, 1, 3, 0), 2),
    ((1936, 11, 1, 4, 0), 3),
    ((1937, 3, 1, 3, 0), 2),
    ((1937, 11, 1, 4, 0), 3),
    ((1938, 3, 1, 3, 0), 2),
    ((1938, 11, 1, 4, 0), 3),
    ((1939, 3, 1, 3, 0), 2),
    ((1939, 11, 1, 4, 0), 3),
    ((1940, 3, 1, 3, 0), 2),
    ((1940, 7, 1, 4, 0), 3),
    ((1941, 6, 15, 3, 0), 2),
    ((1941, 10, 15, 4, 0), 3),
    ((1943, 8, 1, 3, 0), 2),
    ((1943, 10, 15, 4, 0), 3),
    ((1946, 3, 1, 3, 0), 2),
    ((1946, 10, 1, 4, 0), 3),
    ((1963, 10, 1, 3, 0), 2),
    ((1963, 12, 15, 4, 0), 3),
    ((1964, 3, 1, 3, 0), 2),
    ((1964, 10, 15, 4, 0), 3),
    ((1965, 3, 1, 3, 0), 2),
    ((1965, 10, 15, 4, 0), 3),
    ((1966, 3, 1, 3, 0), 2),
    ((1966, 10, 15, 4, 0), 3),
    ((1967, 4, 2, 3, 0), 2),
    ((1967, 10, 1, 4, 0), 3),
    ((1968, 4, 7, 3, 0), 2),
    ((1968, 10, 6, 4, 0), 3),
    ((1969, 4, 6, 3, 0), 2),
    ((1969, 10, 5, 4, 0), 5),
    ((1974, 1, 23, 3, 0), 4),
    ((1974, 5, 1, 2, 0), 5),
    ((1988, 12, 1, 3, 0), 4),
    ((1989, 3, 5, 2, 0), 5),
    ((1989, 10, 15, 3, 0), 4),
    ((1990, 3, 4, 2, 0), 5),
    ((1990, 10, 21, 3, 0), 4),
    ((1991, 3, 3, 2, 0), 6),
    ((1991, 10, 20, 4, 0), 4),
    ((1992, 3, 1, 2, 0), 5),
    ((1992, 10, 18, 3, 0), 4),
    ((1993, 3, 7, 2, 0), 5),
    ((1999, 10, 3, 3, 0), 3),
    ((2000, 3, 3, 3, 0), 5),
    ((2004, 6, 1, 3, 0), 6),
    ((2004, 6, 20, 4, 0), 5),
    ((2007, 12, 30, 3, 0), 4),
    ((2008, 3, 16, 2, 0), 5)
]
posix = 'ART3'
