types = [
    ((0, 19, 32), 0, 'LMT'),
    ((1, 19, 32), 1, 'NST'),
    ((0, 19, 32), 0, 'AMT'),
    ((1, 19, 32), 1, 'NST'),
    ((0, 19, 32), 0, 'AMT'),
    ((0, 20), 0, 'NET'),
    ((1, 20), 1, 'NEST'),
    ((1, 20), 1, 'NEST'),
    (1, 0, 'CET'),
    (2, 1, 'CEST'),
    (2, 1, 'CEST'),
    (2, 1, 'CEST'),
    (1, 0, 'CET'),
    (1, 0, 'CET')
]
times = [
    ((1, 1, 2, 0, 0), 0),
    ((1834, 12, 31, 23, 40, 28), 2),
    ((1916, 4, 30, 23, 40, 28), 1),
    ((1916, 9, 30, 22, 40, 28), 2),
    ((1917, 4, 16, 1, 40, 28), 3),
    ((1917, 9, 17, 1, 40, 28), 4),
    ((1918, 4, 1, 1, 40, 28), 3),
    ((1918, 9, 30, 1, 40, 28), 4),
    ((1919, 4, 7, 1, 40, 28), 3),
    ((1919, 9, 29, 1, 40, 28), 4),
    ((1920, 4, 5, 1, 40, 28), 3),
    ((1920, 9, 27, 1, 40, 28), 4),
    ((1921, 4, 4, 1, 40, 28), 3),
    ((1921, 9, 26, 1, 40, 28), 4),
    ((1922, 3, 26, 1, 40, 28), 3),
    ((1922, 10, 8, 1, 40, 28), 4),
    ((1923, 6, 1, 1, 40, 28), 3),
    ((1923, 10, 7, 1, 40, 28), 4),
    ((1924, 3, 30, 1, 40, 28), 3),
    ((1924, 10, 5, 1, 40, 28), 4),
    ((1925, 6, 5, 1, 40, 28), 3),
    ((1925, 10, 4, 1, 40, 28), 4),
    ((1926, 5, 15, 1, 40, 28), 3),
    ((1926, 10, 3, 1, 40, 28), 4),
    ((1927, 5, 15, 1, 40, 28), 3),
    ((1927, 10, 2, 1, 40, 28), 4),
    ((1928, 5, 15, 1, 40, 28), 3),
    ((1928, 10, 7, 1, 40, 28), 4),
    ((1929, 5, 15, 1, 40, 28), 3),
    ((1929, 10, 6, 1, 40, 28), 4),
    ((1930, 5, 15, 1, 40, 28), 3),
    ((1930, 10, 5, 1, 40, 28), 4),
    ((1931, 5, 15, 1, 40, 28), 3),
    ((1931, 10, 4, 1, 40, 28), 4),
    ((1932, 5, 22, 1, 40, 28), 3),
    ((1932, 10, 2, 1, 40, 28), 4),
    ((1933, 5, 15, 1, 40, 28), 3),
    ((1933, 10, 8, 1, 40, 28), 4),
    ((1934, 5, 15, 1, 40, 28), 3),
    ((1934, 10, 7, 1, 40, 28), 4),
    ((1935, 5, 15, 1, 40, 28), 3),
    ((1935, 10, 6, 1, 40, 28), 4),
    ((1936, 5, 15, 1, 40, 28), 3),
    ((1936, 10, 4, 1, 40, 28), 4),
    ((1937, 5, 22, 1, 40, 28), 3),
    ((1937, 6, 30, 22, 40, 28), 7),
    ((1937, 10, 3, 1, 40), 5),
    ((1938, 5, 15, 1, 40), 6),
    ((1938, 10, 2, 1, 40), 5),
    ((1939, 5, 15, 1, 40), 6),
    ((1939, 10, 8, 1, 40), 5),
    ((1940, 5, 15, 23, 40), 10),
    ((1942, 11, 2, 1, 0), 8),
    ((1943, 3, 29, 1, 0), 9),
    ((1943, 10, 4, 1, 0), 8),
    ((1944, 4, 3, 1, 0), 9),
    ((1944, 10, 2, 1, 0), 8),
    ((1945, 4, 2, 1, 0), 9),
    ((1945, 9, 16, 1, 0), 8),
    ((1976, 12, 31, 23, 0), 13),
    ((1977, 4, 3, 1, 0), 11),
    ((1977, 9, 25, 1, 0), 12),
    ((1978, 4, 2, 1, 0), 11),
    ((1978, 10, 1, 1, 0), 12),
    ((1979, 4, 1, 1, 0), 11),
    ((1979, 9, 30, 1, 0), 12),
    ((1980, 4, 6, 1, 0), 11),
    ((1980, 9, 28, 1, 0), 12),
    ((1981, 3, 29, 1, 0), 11),
    ((1981, 9, 27, 1, 0), 12),
    ((1982, 3, 28, 1, 0), 11),
    ((1982, 9, 26, 1, 0), 12),
    ((1983, 3, 27, 1, 0), 11),
    ((1983, 9, 25, 1, 0), 12),
    ((1984, 3, 25, 1, 0), 11),
    ((1984, 9, 30, 1, 0), 12),
    ((1985, 3, 31, 1, 0), 11),
    ((1985, 9, 29, 1, 0), 12),
    ((1986, 3, 30, 1, 0), 11),
    ((1986, 9, 28, 1, 0), 12),
    ((1987, 3, 29, 1, 0), 11),
    ((1987, 9, 27, 1, 0), 12),
    ((1988, 3, 27, 1, 0), 11),
    ((1988, 9, 25, 1, 0), 12),
    ((1989, 3, 26, 1, 0), 11),
    ((1989, 9, 24, 1, 0), 12),
    ((1990, 3, 25, 1, 0), 11),
    ((1990, 9, 30, 1, 0), 12),
    ((1991, 3, 31, 1, 0), 11),
    ((1991, 9, 29, 1, 0), 12),
    ((1992, 3, 29, 1, 0), 11),
    ((1992, 9, 27, 1, 0), 12),
    ((1993, 3, 28, 1, 0), 11),
    ((1993, 9, 26, 1, 0), 12),
    ((1994, 3, 27, 1, 0), 11),
    ((1994, 9, 25, 1, 0), 12),
    ((1995, 3, 26, 1, 0), 11),
    ((1995, 9, 24, 1, 0), 12),
    ((1996, 3, 31, 1, 0), 11),
    ((1996, 10, 27, 1, 0), 12),
    ((1997, 3, 30, 1, 0), 11),
    ((1997, 10, 26, 1, 0), 12),
    ((1998, 3, 29, 1, 0), 11),
    ((1998, 10, 25, 1, 0), 12),
    ((1999, 3, 28, 1, 0), 11),
    ((1999, 10, 31, 1, 0), 12),
    ((2000, 3, 26, 1, 0), 11),
    ((2000, 10, 29, 1, 0), 12),
    ((2001, 3, 25, 1, 0), 11),
    ((2001, 10, 28, 1, 0), 12),
    ((2002, 3, 31, 1, 0), 11),
    ((2002, 10, 27, 1, 0), 12),
    ((2003, 3, 30, 1, 0), 11),
    ((2003, 10, 26, 1, 0), 12),
    ((2004, 3, 28, 1, 0), 11),
    ((2004, 10, 31, 1, 0), 12),
    ((2005, 3, 27, 1, 0), 11),
    ((2005, 10, 30, 1, 0), 12),
    ((2006, 3, 26, 1, 0), 11),
    ((2006, 10, 29, 1, 0), 12),
    ((2007, 3, 25, 1, 0), 11),
    ((2007, 10, 28, 1, 0), 12),
    ((2008, 3, 30, 1, 0), 11),
    ((2008, 10, 26, 1, 0), 12),
    ((2009, 3, 29, 1, 0), 11),
    ((2009, 10, 25, 1, 0), 12),
    ((2010, 3, 28, 1, 0), 11),
    ((2010, 10, 31, 1, 0), 12),
    ((2011, 3, 27, 1, 0), 11),
    ((2011, 10, 30, 1, 0), 12),
    ((2012, 3, 25, 1, 0), 11),
    ((2012, 10, 28, 1, 0), 12),
    ((2013, 3, 31, 1, 0), 11),
    ((2013, 10, 27, 1, 0), 12),
    ((2014, 3, 30, 1, 0), 11),
    ((2014, 10, 26, 1, 0), 12),
    ((2015, 3, 29, 1, 0), 11),
    ((2015, 10, 25, 1, 0), 12),
    ((2016, 3, 27, 1, 0), 11),
    ((2016, 10, 30, 1, 0), 12),
    ((2017, 3, 26, 1, 0), 11),
    ((2017, 10, 29, 1, 0), 12),
    ((2018, 3, 25, 1, 0), 11),
    ((2018, 10, 28, 1, 0), 12),
    ((2019, 3, 31, 1, 0), 11),
    ((2019, 10, 27, 1, 0), 12),
    ((2020, 3, 29, 1, 0), 11),
    ((2020, 10, 25, 1, 0), 12),
    ((2021, 3, 28, 1, 0), 11),
    ((2021, 10, 31, 1, 0), 12),
    ((2022, 3, 27, 1, 0), 11),
    ((2022, 10, 30, 1, 0), 12),
    ((2023, 3, 26, 1, 0), 11),
    ((2023, 10, 29, 1, 0), 12),
    ((2024, 3, 31, 1, 0), 11),
    ((2024, 10, 27, 1, 0), 12),
    ((2025, 3, 30, 1, 0), 11),
    ((2025, 10, 26, 1, 0), 12),
    ((2026, 3, 29, 1, 0), 11),
    ((2026, 10, 25, 1, 0), 12),
    ((2027, 3, 28, 1, 0), 11),
    ((2027, 10, 31, 1, 0), 12),
    ((2028, 3, 26, 1, 0), 11),
    ((2028, 10, 29, 1, 0), 12),
    ((2029, 3, 25, 1, 0), 11),
    ((2029, 10, 28, 1, 0), 12),
    ((2030, 3, 31, 1, 0), 11),
    ((2030, 10, 27, 1, 0), 12),
    ((2031, 3, 30, 1, 0), 11),
    ((2031, 10, 26, 1, 0), 12),
    ((2032, 3, 28, 1, 0), 11),
    ((2032, 10, 31, 1, 0), 12),
    ((2033, 3, 27, 1, 0), 11),
    ((2033, 10, 30, 1, 0), 12),
    ((2034, 3, 26, 1, 0), 11),
    ((2034, 10, 29, 1, 0), 12),
    ((2035, 3, 25, 1, 0), 11),
    ((2035, 10, 28, 1, 0), 12),
    ((2036, 3, 30, 1, 0), 11),
    ((2036, 10, 26, 1, 0), 12),
    ((2037, 3, 29, 1, 0), 11),
    ((2037, 10, 25, 1, 0), 12)
]
posix = 'CET-1CEST,M3.5.0,M10.5.0/3'
