types = [
    ((1, 34, 52), 0, 'LMT'),
    ((1, 34, 52), 0, 'AMT'),
    (3, 1, 'EEST'),
    (2, 0, 'EET'),
    (1, 0, 'CET'),
    (2, 1, 'CEST'),
    (3, 1, 'EEST'),
    (2, 0, 'EET'),
    (3, 1, 'EEST'),
    (2, 0, 'EET')
]
times = [
    ((1, 1, 2, 0, 0), 0),
    ((1895, 9, 13, 22, 25, 8), 1),
    ((1916, 7, 27, 22, 26, 8), 3),
    ((1932, 7, 6, 22, 0), 2),
    ((1932, 8, 31, 21, 0), 3),
    ((1941, 4, 6, 22, 0), 2),
    ((1941, 4, 29, 21, 0), 5),
    ((1942, 11, 2, 1, 0), 4),
    ((1943, 3, 29, 23, 0), 5),
    ((1943, 10, 3, 22, 0), 4),
    ((1944, 4, 3, 23, 0), 3),
    ((1952, 6, 30, 22, 0), 2),
    ((1952, 11, 1, 21, 0), 3),
    ((1975, 4, 11, 22, 0), 6),
    ((1975, 11, 25, 22, 0), 7),
    ((1976, 4, 11, 0, 0), 6),
    ((1976, 10, 10, 0, 0), 7),
    ((1977, 4, 3, 0, 0), 6),
    ((1977, 9, 26, 0, 0), 7),
    ((1978, 4, 2, 0, 0), 6),
    ((1978, 9, 24, 1, 0), 3),
    ((1979, 4, 1, 7, 0), 2),
    ((1979, 9, 28, 23, 0), 3),
    ((1980, 3, 31, 22, 0), 2),
    ((1980, 9, 27, 21, 0), 3),
    ((1981, 3, 29, 1, 0), 8),
    ((1981, 9, 27, 1, 0), 9),
    ((1982, 3, 28, 1, 0), 8),
    ((1982, 9, 26, 1, 0), 9),
    ((1983, 3, 27, 1, 0), 8),
    ((1983, 9, 25, 1, 0), 9),
    ((1984, 3, 25, 1, 0), 8),
    ((1984, 9, 30, 1, 0), 9),
    ((1985, 3, 31, 1, 0), 8),
    ((1985, 9, 29, 1, 0), 9),
    ((1986, 3, 30, 1, 0), 8),
    ((1986, 9, 28, 1, 0), 9),
    ((1987, 3, 29, 1, 0), 8),
    ((1987, 9, 27, 1, 0), 9),
    ((1988, 3, 27, 1, 0), 8),
    ((1988, 9, 25, 1, 0), 9),
    ((1989, 3, 26, 1, 0), 8),
    ((1989, 9, 24, 1, 0), 9),
    ((1990, 3, 25, 1, 0), 8),
    ((1990, 9, 30, 1, 0), 9),
    ((1991, 3, 31, 1, 0), 8),
    ((1991, 9, 29, 1, 0), 9),
    ((1992, 3, 29, 1, 0), 8),
    ((1992, 9, 27, 1, 0), 9),
    ((1993, 3, 28, 1, 0), 8),
    ((1993, 9, 26, 1, 0), 9),
    ((1994, 3, 27, 1, 0), 8),
    ((1994, 9, 25, 1, 0), 9),
    ((1995, 3, 26, 1, 0), 8),
    ((1995, 9, 24, 1, 0), 9),
    ((1996, 3, 31, 1, 0), 8),
    ((1996, 10, 27, 1, 0), 9),
    ((1997, 3, 30, 1, 0), 8),
    ((1997, 10, 26, 1, 0), 9),
    ((1998, 3, 29, 1, 0), 8),
    ((1998, 10, 25, 1, 0), 9),
    ((1999, 3, 28, 1, 0), 8),
    ((1999, 10, 31, 1, 0), 9),
    ((2000, 3, 26, 1, 0), 8),
    ((2000, 10, 29, 1, 0), 9),
    ((2001, 3, 25, 1, 0), 8),
    ((2001, 10, 28, 1, 0), 9),
    ((2002, 3, 31, 1, 0), 8),
    ((2002, 10, 27, 1, 0), 9),
    ((2003, 3, 30, 1, 0), 8),
    ((2003, 10, 26, 1, 0), 9),
    ((2004, 3, 28, 1, 0), 8),
    ((2004, 10, 31, 1, 0), 9),
    ((2005, 3, 27, 1, 0), 8),
    ((2005, 10, 30, 1, 0), 9),
    ((2006, 3, 26, 1, 0), 8),
    ((2006, 10, 29, 1, 0), 9),
    ((2007, 3, 25, 1, 0), 8),
    ((2007, 10, 28, 1, 0), 9),
    ((2008, 3, 30, 1, 0), 8),
    ((2008, 10, 26, 1, 0), 9),
    ((2009, 3, 29, 1, 0), 8),
    ((2009, 10, 25, 1, 0), 9),
    ((2010, 3, 28, 1, 0), 8),
    ((2010, 10, 31, 1, 0), 9),
    ((2011, 3, 27, 1, 0), 8),
    ((2011, 10, 30, 1, 0), 9),
    ((2012, 3, 25, 1, 0), 8),
    ((2012, 10, 28, 1, 0), 9),
    ((2013, 3, 31, 1, 0), 8),
    ((2013, 10, 27, 1, 0), 9),
    ((2014, 3, 30, 1, 0), 8),
    ((2014, 10, 26, 1, 0), 9),
    ((2015, 3, 29, 1, 0), 8),
    ((2015, 10, 25, 1, 0), 9),
    ((2016, 3, 27, 1, 0), 8),
    ((2016, 10, 30, 1, 0), 9),
    ((2017, 3, 26, 1, 0), 8),
    ((2017, 10, 29, 1, 0), 9),
    ((2018, 3, 25, 1, 0), 8),
    ((2018, 10, 28, 1, 0), 9),
    ((2019, 3, 31, 1, 0), 8),
    ((2019, 10, 27, 1, 0), 9),
    ((2020, 3, 29, 1, 0), 8),
    ((2020, 10, 25, 1, 0), 9),
    ((2021, 3, 28, 1, 0), 8),
    ((2021, 10, 31, 1, 0), 9),
    ((2022, 3, 27, 1, 0), 8),
    ((2022, 10, 30, 1, 0), 9),
    ((2023, 3, 26, 1, 0), 8),
    ((2023, 10, 29, 1, 0), 9),
    ((2024, 3, 31, 1, 0), 8),
    ((2024, 10, 27, 1, 0), 9),
    ((2025, 3, 30, 1, 0), 8),
    ((2025, 10, 26, 1, 0), 9),
    ((2026, 3, 29, 1, 0), 8),
    ((2026, 10, 25, 1, 0), 9),
    ((2027, 3, 28, 1, 0), 8),
    ((2027, 10, 31, 1, 0), 9),
    ((2028, 3, 26, 1, 0), 8),
    ((2028, 10, 29, 1, 0), 9),
    ((2029, 3, 25, 1, 0), 8),
    ((2029, 10, 28, 1, 0), 9),
    ((2030, 3, 31, 1, 0), 8),
    ((2030, 10, 27, 1, 0), 9),
    ((2031, 3, 30, 1, 0), 8),
    ((2031, 10, 26, 1, 0), 9),
    ((2032, 3, 28, 1, 0), 8),
    ((2032, 10, 31, 1, 0), 9),
    ((2033, 3, 27, 1, 0), 8),
    ((2033, 10, 30, 1, 0), 9),
    ((2034, 3, 26, 1, 0), 8),
    ((2034, 10, 29, 1, 0), 9),
    ((2035, 3, 25, 1, 0), 8),
    ((2035, 10, 28, 1, 0), 9),
    ((2036, 3, 30, 1, 0), 8),
    ((2036, 10, 26, 1, 0), 9),
    ((2037, 3, 29, 1, 0), 8),
    ((2037, 10, 25, 1, 0), 9)
]
posix = 'EET-2EEST,M3.5.0/3,M10.5.0/4'
