types = [
    ((1, 44, 24), 0, 'LMT'),
    ((1, 44, 24), 0, 'BMT'),
    (3, 1, 'EEST'),
    (2, 0, 'EET'),
    (3, 1, 'EEST'),
    (2, 0, 'EET'),
    (3, 1, 'EEST'),
    (2, 0, 'EET')
]
times = [
    ((1, 1, 2, 0, 0), 0),
    ((1891, 9, 30, 22, 15, 36), 1),
    ((1931, 7, 23, 22, 15, 36), 5),
    ((1932, 5, 20, 22, 0), 2),
    ((1932, 10, 1, 22, 0), 3),
    ((1933, 4, 1, 22, 0), 2),
    ((1933, 9, 30, 22, 0), 3),
    ((1934, 4, 7, 22, 0), 2),
    ((1934, 10, 6, 22, 0), 3),
    ((1935, 4, 6, 22, 0), 2),
    ((1935, 10, 5, 22, 0), 3),
    ((1936, 4, 4, 22, 0), 2),
    ((1936, 10, 3, 22, 0), 3),
    ((1937, 4, 3, 22, 0), 2),
    ((1937, 10, 2, 22, 0), 3),
    ((1938, 4, 2, 22, 0), 2),
    ((1938, 10, 1, 22, 0), 3),
    ((1939, 4, 1, 22, 0), 2),
    ((1939, 9, 30, 22, 0), 3),
    ((1979, 5, 26, 22, 0), 4),
    ((1979, 9, 29, 21, 0), 5),
    ((1980, 4, 5, 21, 0), 4),
    ((1980, 9, 27, 22, 0), 5),
    ((1981, 3, 29, 0, 0), 2),
    ((1981, 9, 27, 0, 0), 3),
    ((1982, 3, 28, 0, 0), 2),
    ((1982, 9, 26, 0, 0), 3),
    ((1983, 3, 27, 0, 0), 2),
    ((1983, 9, 25, 0, 0), 3),
    ((1984, 3, 25, 0, 0), 2),
    ((1984, 9, 30, 0, 0), 3),
    ((1985, 3, 31, 0, 0), 2),
    ((1985, 9, 29, 0, 0), 3),
    ((1986, 3, 30, 0, 0), 2),
    ((1986, 9, 28, 0, 0), 3),
    ((1987, 3, 29, 0, 0), 2),
    ((1987, 9, 27, 0, 0), 3),
    ((1988, 3, 27, 0, 0), 2),
    ((1988, 9, 25, 0, 0), 3),
    ((1989, 3, 26, 0, 0), 2),
    ((1989, 9, 24, 0, 0), 3),
    ((1990, 3, 25, 0, 0), 2),
    ((1990, 9, 30, 0, 0), 3),
    ((1990, 12, 31, 22, 0), 5),
    ((1991, 3, 30, 22, 0), 2),
    ((1991, 9, 28, 22, 0), 3),
    ((1992, 3, 28, 22, 0), 2),
    ((1992, 9, 26, 22, 0), 3),
    ((1993, 3, 27, 22, 0), 2),
    ((1993, 9, 25, 22, 0), 3),
    ((1993, 12, 31, 22, 0), 5),
    ((1994, 3, 26, 22, 0), 4),
    ((1994, 9, 24, 21, 0), 5),
    ((1995, 3, 25, 22, 0), 4),
    ((1995, 9, 23, 21, 0), 5),
    ((1996, 3, 30, 22, 0), 4),
    ((1996, 10, 26, 21, 0), 5),
    ((1997, 3, 30, 1, 0), 6),
    ((1997, 10, 26, 1, 0), 7),
    ((1998, 3, 29, 1, 0), 6),
    ((1998, 10, 25, 1, 0), 7),
    ((1999, 3, 28, 1, 0), 6),
    ((1999, 10, 31, 1, 0), 7),
    ((2000, 3, 26, 1, 0), 6),
    ((2000, 10, 29, 1, 0), 7),
    ((2001, 3, 25, 1, 0), 6),
    ((2001, 10, 28, 1, 0), 7),
    ((2002, 3, 31, 1, 0), 6),
    ((2002, 10, 27, 1, 0), 7),
    ((2003, 3, 30, 1, 0), 6),
    ((2003, 10, 26, 1, 0), 7),
    ((2004, 3, 28, 1, 0), 6),
    ((2004, 10, 31, 1, 0), 7),
    ((2005, 3, 27, 1, 0), 6),
    ((2005, 10, 30, 1, 0), 7),
    ((2006, 3, 26, 1, 0), 6),
    ((2006, 10, 29, 1, 0), 7),
    ((2007, 3, 25, 1, 0), 6),
    ((2007, 10, 28, 1, 0), 7),
    ((2008, 3, 30, 1, 0), 6),
    ((2008, 10, 26, 1, 0), 7),
    ((2009, 3, 29, 1, 0), 6),
    ((2009, 10, 25, 1, 0), 7),
    ((2010, 3, 28, 1, 0), 6),
    ((2010, 10, 31, 1, 0), 7),
    ((2011, 3, 27, 1, 0), 6),
    ((2011, 10, 30, 1, 0), 7),
    ((2012, 3, 25, 1, 0), 6),
    ((2012, 10, 28, 1, 0), 7),
    ((2013, 3, 31, 1, 0), 6),
    ((2013, 10, 27, 1, 0), 7),
    ((2014, 3, 30, 1, 0), 6),
    ((2014, 10, 26, 1, 0), 7),
    ((2015, 3, 29, 1, 0), 6),
    ((2015, 10, 25, 1, 0), 7),
    ((2016, 3, 27, 1, 0), 6),
    ((2016, 10, 30, 1, 0), 7),
    ((2017, 3, 26, 1, 0), 6),
    ((2017, 10, 29, 1, 0), 7),
    ((2018, 3, 25, 1, 0), 6),
    ((2018, 10, 28, 1, 0), 7),
    ((2019, 3, 31, 1, 0), 6),
    ((2019, 10, 27, 1, 0), 7),
    ((2020, 3, 29, 1, 0), 6),
    ((2020, 10, 25, 1, 0), 7),
    ((2021, 3, 28, 1, 0), 6),
    ((2021, 10, 31, 1, 0), 7),
    ((2022, 3, 27, 1, 0), 6),
    ((2022, 10, 30, 1, 0), 7),
    ((2023, 3, 26, 1, 0), 6),
    ((2023, 10, 29, 1, 0), 7),
    ((2024, 3, 31, 1, 0), 6),
    ((2024, 10, 27, 1, 0), 7),
    ((2025, 3, 30, 1, 0), 6),
    ((2025, 10, 26, 1, 0), 7),
    ((2026, 3, 29, 1, 0), 6),
    ((2026, 10, 25, 1, 0), 7),
    ((2027, 3, 28, 1, 0), 6),
    ((2027, 10, 31, 1, 0), 7),
    ((2028, 3, 26, 1, 0), 6),
    ((2028, 10, 29, 1, 0), 7),
    ((2029, 3, 25, 1, 0), 6),
    ((2029, 10, 28, 1, 0), 7),
    ((2030, 3, 31, 1, 0), 6),
    ((2030, 10, 27, 1, 0), 7),
    ((2031, 3, 30, 1, 0), 6),
    ((2031, 10, 26, 1, 0), 7),
    ((2032, 3, 28, 1, 0), 6),
    ((2032, 10, 31, 1, 0), 7),
    ((2033, 3, 27, 1, 0), 6),
    ((2033, 10, 30, 1, 0), 7),
    ((2034, 3, 26, 1, 0), 6),
    ((2034, 10, 29, 1, 0), 7),
    ((2035, 3, 25, 1, 0), 6),
    ((2035, 10, 28, 1, 0), 7),
    ((2036, 3, 30, 1, 0), 6),
    ((2036, 10, 26, 1, 0), 7),
    ((2037, 3, 29, 1, 0), 6),
    ((2037, 10, 25, 1, 0), 7)
]
posix = 'EET-2EEST,M3.5.0/3,M10.5.0/4'
