types = [
    ((1, 16, 20), 0, 'LMT'),
    (2, 1, 'CEST'),
    (1, 0, 'CET'),
    (2, 1, 'CEST'),
    (1, 0, 'CET'),
    (1, 0, 'CET'),
    (2, 1, 'CEST')
]
times = [
    ((1, 1, 2, 0, 0), 0),
    ((1890, 9, 30, 22, 43, 40), 2),
    ((1916, 4, 30, 22, 0), 1),
    ((1916, 9, 30, 23, 0), 2),
    ((1917, 4, 16, 1, 0), 3),
    ((1917, 9, 17, 1, 0), 4),
    ((1917, 12, 31, 23, 0), 2),
    ((1918, 4, 1, 2, 0), 1),
    ((1918, 9, 16, 1, 0), 2),
    ((1919, 4, 15, 2, 0), 1),
    ((1919, 11, 24, 1, 0), 2),
    ((1941, 4, 7, 23, 0), 1),
    ((1942, 11, 2, 1, 0), 4),
    ((1943, 3, 29, 1, 0), 3),
    ((1943, 10, 4, 1, 0), 4),
    ((1944, 4, 3, 1, 0), 3),
    ((1944, 10, 2, 1, 0), 4),
    ((1944, 12, 31, 23, 0), 2),
    ((1945, 5, 1, 22, 0), 1),
    ((1945, 10, 31, 22, 0), 2),
    ((1946, 3, 31, 1, 0), 3),
    ((1946, 10, 6, 1, 0), 4),
    ((1947, 4, 6, 1, 0), 3),
    ((1947, 10, 5, 1, 0), 4),
    ((1948, 4, 4, 1, 0), 3),
    ((1948, 10, 3, 1, 0), 4),
    ((1949, 4, 10, 1, 0), 3),
    ((1949, 10, 2, 1, 0), 4),
    ((1950, 4, 17, 1, 0), 3),
    ((1950, 10, 23, 1, 0), 4),
    ((1954, 5, 22, 23, 0), 1),
    ((1954, 10, 2, 22, 0), 2),
    ((1955, 5, 22, 23, 0), 1),
    ((1955, 10, 2, 22, 0), 2),
    ((1956, 6, 2, 23, 0), 1),
    ((1956, 9, 29, 22, 0), 2),
    ((1957, 6, 2, 0, 0), 1),
    ((1957, 9, 29, 1, 0), 2),
    ((1980, 4, 6, 0, 0), 1),
    ((1980, 9, 28, 1, 0), 5),
    ((1981, 3, 29, 1, 0), 6),
    ((1981, 9, 27, 1, 0), 5),
    ((1982, 3, 28, 1, 0), 6),
    ((1982, 9, 26, 1, 0), 5),
    ((1983, 3, 27, 1, 0), 6),
    ((1983, 9, 25, 1, 0), 5),
    ((1984, 3, 25, 1, 0), 6),
    ((1984, 9, 30, 1, 0), 5),
    ((1985, 3, 31, 1, 0), 6),
    ((1985, 9, 29, 1, 0), 5),
    ((1986, 3, 30, 1, 0), 6),
    ((1986, 9, 28, 1, 0), 5),
    ((1987, 3, 29, 1, 0), 6),
    ((1987, 9, 27, 1, 0), 5),
    ((1988, 3, 27, 1, 0), 6),
    ((1988, 9, 25, 1, 0), 5),
    ((1989, 3, 26, 1, 0), 6),
    ((1989, 9, 24, 1, 0), 5),
    ((1990, 3, 25, 1, 0), 6),
    ((1990, 9, 30, 1, 0), 5),
    ((1991, 3, 31, 1, 0), 6),
    ((1991, 9, 29, 1, 0), 5),
    ((1992, 3, 29, 1, 0), 6),
    ((1992, 9, 27, 1, 0), 5),
    ((1993, 3, 28, 1, 0), 6),
    ((1993, 9, 26, 1, 0), 5),
    ((1994, 3, 27, 1, 0), 6),
    ((1994, 9, 25, 1, 0), 5),
    ((1995, 3, 26, 1, 0), 6),
    ((1995, 9, 24, 1, 0), 5),
    ((1996, 3, 31, 1, 0), 6),
    ((1996, 10, 27, 1, 0), 5),
    ((1997, 3, 30, 1, 0), 6),
    ((1997, 10, 26, 1, 0), 5),
    ((1998, 3, 29, 1, 0), 6),
    ((1998, 10, 25, 1, 0), 5),
    ((1999, 3, 28, 1, 0), 6),
    ((1999, 10, 31, 1, 0), 5),
    ((2000, 3, 26, 1, 0), 6),
    ((2000, 10, 29, 1, 0), 5),
    ((2001, 3, 25, 1, 0), 6),
    ((2001, 10, 28, 1, 0), 5),
    ((2002, 3, 31, 1, 0), 6),
    ((2002, 10, 27, 1, 0), 5),
    ((2003, 3, 30, 1, 0), 6),
    ((2003, 10, 26, 1, 0), 5),
    ((2004, 3, 28, 1, 0), 6),
    ((2004, 10, 31, 1, 0), 5),
    ((2005, 3, 27, 1, 0), 6),
    ((2005, 10, 30, 1, 0), 5),
    ((2006, 3, 26, 1, 0), 6),
    ((2006, 10, 29, 1, 0), 5),
    ((2007, 3, 25, 1, 0), 6),
    ((2007, 10, 28, 1, 0), 5),
    ((2008, 3, 30, 1, 0), 6),
    ((2008, 10, 26, 1, 0), 5),
    ((2009, 3, 29, 1, 0), 6),
    ((2009, 10, 25, 1, 0), 5),
    ((2010, 3, 28, 1, 0), 6),
    ((2010, 10, 31, 1, 0), 5),
    ((2011, 3, 27, 1, 0), 6),
    ((2011, 10, 30, 1, 0), 5),
    ((2012, 3, 25, 1, 0), 6),
    ((2012, 10, 28, 1, 0), 5),
    ((2013, 3, 31, 1, 0), 6),
    ((2013, 10, 27, 1, 0), 5),
    ((2014, 3, 30, 1, 0), 6),
    ((2014, 10, 26, 1, 0), 5),
    ((2015, 3, 29, 1, 0), 6),
    ((2015, 10, 25, 1, 0), 5),
    ((2016, 3, 27, 1, 0), 6),
    ((2016, 10, 30, 1, 0), 5),
    ((2017, 3, 26, 1, 0), 6),
    ((2017, 10, 29, 1, 0), 5),
    ((2018, 3, 25, 1, 0), 6),
    ((2018, 10, 28, 1, 0), 5),
    ((2019, 3, 31, 1, 0), 6),
    ((2019, 10, 27, 1, 0), 5),
    ((2020, 3, 29, 1, 0), 6),
    ((2020, 10, 25, 1, 0), 5),
    ((2021, 3, 28, 1, 0), 6),
    ((2021, 10, 31, 1, 0), 5),
    ((2022, 3, 27, 1, 0), 6),
    ((2022, 10, 30, 1, 0), 5),
    ((2023, 3, 26, 1, 0), 6),
    ((2023, 10, 29, 1, 0), 5),
    ((2024, 3, 31, 1, 0), 6),
    ((2024, 10, 27, 1, 0), 5),
    ((2025, 3, 30, 1, 0), 6),
    ((2025, 10, 26, 1, 0), 5),
    ((2026, 3, 29, 1, 0), 6),
    ((2026, 10, 25, 1, 0), 5),
    ((2027, 3, 28, 1, 0), 6),
    ((2027, 10, 31, 1, 0), 5),
    ((2028, 3, 26, 1, 0), 6),
    ((2028, 10, 29, 1, 0), 5),
    ((2029, 3, 25, 1, 0), 6),
    ((2029, 10, 28, 1, 0), 5),
    ((2030, 3, 31, 1, 0), 6),
    ((2030, 10, 27, 1, 0), 5),
    ((2031, 3, 30, 1, 0), 6),
    ((2031, 10, 26, 1, 0), 5),
    ((2032, 3, 28, 1, 0), 6),
    ((2032, 10, 31, 1, 0), 5),
    ((2033, 3, 27, 1, 0), 6),
    ((2033, 10, 30, 1, 0), 5),
    ((2034, 3, 26, 1, 0), 6),
    ((2034, 10, 29, 1, 0), 5),
    ((2035, 3, 25, 1, 0), 6),
    ((2035, 10, 28, 1, 0), 5),
    ((2036, 3, 30, 1, 0), 6),
    ((2036, 10, 26, 1, 0), 5),
    ((2037, 3, 29, 1, 0), 6),
    ((2037, 10, 25, 1, 0), 5)
]
posix = 'CET-1CEST,M3.5.0,M10.5.0/3'
