types = [
    ((1, 55, 52), 0, 'LMT'),
    ((1, 56, 56), 0, 'IMT'),
    (3, 1, 'EEST'),
    (2, 0, 'EET'),
    (4, 1, 'TRST'),
    (3, 0, 'TRT'),
    (3, 1, 'EEST'),
    (2, 0, 'EET'),
    (3, 1, 'EEST'),
    (2, 0, 'EET')
]
times = [
    ((1, 1, 2, 0, 0), 0),
    ((1879, 12, 31, 22, 4, 8), 1),
    ((1910, 9, 30, 22, 3, 4), 3),
    ((1916, 4, 30, 22, 0), 2),
    ((1916, 9, 30, 21, 0), 3),
    ((1920, 3, 27, 22, 0), 2),
    ((1920, 10, 24, 21, 0), 3),
    ((1921, 4, 2, 22, 0), 2),
    ((1921, 10, 2, 21, 0), 3),
    ((1922, 3, 25, 22, 0), 2),
    ((1922, 10, 7, 21, 0), 3),
    ((1924, 5, 12, 22, 0), 2),
    ((1924, 9, 30, 21, 0), 3),
    ((1925, 4, 30, 22, 0), 2),
    ((1925, 9, 30, 21, 0), 3),
    ((1940, 6, 29, 22, 0), 2),
    ((1940, 10, 4, 21, 0), 3),
    ((1940, 11, 30, 22, 0), 2),
    ((1941, 9, 20, 21, 0), 3),
    ((1942, 3, 31, 22, 0), 2),
    ((1942, 10, 31, 21, 0), 3),
    ((1945, 4, 1, 22, 0), 2),
    ((1945, 10, 7, 21, 0), 3),
    ((1946, 5, 31, 22, 0), 2),
    ((1946, 9, 30, 21, 0), 3),
    ((1947, 4, 19, 22, 0), 2),
    ((1947, 10, 4, 21, 0), 3),
    ((1948, 4, 17, 22, 0), 2),
    ((1948, 10, 2, 21, 0), 3),
    ((1949, 4, 9, 22, 0), 2),
    ((1949, 10, 1, 21, 0), 3),
    ((1950, 4, 18, 22, 0), 2),
    ((1950, 10, 7, 21, 0), 3),
    ((1951, 4, 21, 22, 0), 2),
    ((1951, 10, 7, 21, 0), 3),
    ((1962, 7, 14, 22, 0), 2),
    ((1962, 10, 7, 21, 0), 3),
    ((1964, 5, 14, 22, 0), 2),
    ((1964, 9, 30, 21, 0), 3),
    ((1970, 5, 2, 22, 0), 2),
    ((1970, 10, 3, 21, 0), 3),
    ((1971, 5, 1, 22, 0), 2),
    ((1971, 10, 2, 21, 0), 3),
    ((1972, 5, 6, 22, 0), 2),
    ((1972, 10, 7, 21, 0), 3),
    ((1973, 6, 2, 23, 0), 2),
    ((1973, 11, 4, 0, 0), 3),
    ((1974, 3, 31, 0, 0), 2),
    ((1974, 11, 3, 2, 0), 3),
    ((1975, 3, 29, 22, 0), 2),
    ((1975, 10, 25, 21, 0), 3),
    ((1976, 5, 31, 22, 0), 2),
    ((1976, 10, 30, 21, 0), 3),
    ((1977, 4, 2, 22, 0), 2),
    ((1977, 10, 15, 21, 0), 3),
    ((1978, 4, 1, 22, 0), 2),
    ((1978, 10, 14, 21, 0), 4),
    ((1979, 10, 14, 20, 0), 5),
    ((1980, 4, 6, 0, 0), 4),
    ((1980, 10, 12, 20, 0), 5),
    ((1981, 3, 29, 0, 0), 4),
    ((1981, 10, 11, 20, 0), 5),
    ((1982, 3, 28, 0, 0), 4),
    ((1982, 10, 10, 20, 0), 5),
    ((1983, 7, 30, 21, 0), 4),
    ((1983, 10, 1, 20, 0), 5),
    ((1985, 4, 19, 21, 0), 2),
    ((1985, 9, 27, 21, 0), 3),
    ((1986, 3, 30, 0, 0), 6),
    ((1986, 9, 28, 0, 0), 7),
    ((1987, 3, 29, 0, 0), 6),
    ((1987, 9, 27, 0, 0), 7),
    ((1988, 3, 27, 0, 0), 6),
    ((1988, 9, 25, 0, 0), 7),
    ((1989, 3, 26, 0, 0), 6),
    ((1989, 9, 24, 0, 0), 7),
    ((1990, 3, 25, 0, 0), 6),
    ((1990, 9, 30, 0, 0), 7),
    ((1991, 3, 30, 23, 0), 6),
    ((1991, 9, 28, 23, 0), 7),
    ((1992, 3, 28, 23, 0), 6),
    ((1992, 9, 26, 23, 0), 7),
    ((1993, 3, 27, 23, 0), 6),
    ((1993, 9, 25, 23, 0), 7),
    ((1994, 3, 26, 23, 0), 6),
    ((1994, 9, 24, 23, 0), 7),
    ((1995, 3, 25, 23, 0), 6),
    ((1995, 9, 23, 23, 0), 7),
    ((1996, 3, 30, 23, 0), 6),
    ((1996, 10, 26, 23, 0), 7),
    ((1997, 3, 29, 23, 0), 6),
    ((1997, 10, 25, 23, 0), 7),
    ((1998, 3, 28, 23, 0), 6),
    ((1998, 10, 24, 23, 0), 7),
    ((1999, 3, 27, 23, 0), 6),
    ((1999, 10, 30, 23, 0), 7),
    ((2000, 3, 25, 23, 0), 6),
    ((2000, 10, 28, 23, 0), 7),
    ((2001, 3, 24, 23, 0), 6),
    ((2001, 10, 27, 23, 0), 7),
    ((2002, 3, 30, 23, 0), 6),
    ((2002, 10, 26, 23, 0), 7),
    ((2003, 3, 29, 23, 0), 6),
    ((2003, 10, 25, 23, 0), 7),
    ((2004, 3, 27, 23, 0), 6),
    ((2004, 10, 30, 23, 0), 7),
    ((2005, 3, 26, 23, 0), 6),
    ((2005, 10, 29, 23, 0), 7),
    ((2006, 3, 25, 23, 0), 6),
    ((2006, 10, 28, 23, 0), 7),
    ((2006, 12, 31, 22, 0), 3),
    ((2007, 3, 25, 1, 0), 8),
    ((2007, 10, 28, 1, 0), 9),
    ((2008, 3, 30, 1, 0), 8),
    ((2008, 10, 26, 1, 0), 9),
    ((2009, 3, 29, 1, 0), 8),
    ((2009, 10, 25, 1, 0), 9),
    ((2010, 3, 28, 1, 0), 8),
    ((2010, 10, 31, 1, 0), 9),
    ((2011, 3, 28, 1, 0), 8),
    ((2011, 10, 30, 1, 0), 9),
    ((2012, 3, 25, 1, 0), 8),
    ((2012, 10, 28, 1, 0), 9),
    ((2013, 3, 31, 1, 0), 8),
    ((2013, 10, 27, 1, 0), 9),
    ((2014, 3, 31, 1, 0), 8),
    ((2014, 10, 26, 1, 0), 9),
    ((2015, 3, 29, 1, 0), 8),
    ((2015, 11, 8, 1, 0), 9),
    ((2016, 3, 27, 1, 0), 8),
    ((2016, 10, 30, 1, 0), 9),
    ((2017, 3, 26, 1, 0), 8),
    ((2017, 10, 29, 1, 0), 9),
    ((2018, 3, 25, 1, 0), 8),
    ((2018, 10, 28, 1, 0), 9),
    ((2019, 3, 31, 1, 0), 8),
    ((2019, 10, 27, 1, 0), 9),
    ((2020, 3, 29, 1, 0), 8),
    ((2020, 10, 25, 1, 0), 9),
    ((2021, 3, 28, 1, 0), 8),
    ((2021, 10, 31, 1, 0), 9),
    ((2022, 3, 27, 1, 0), 8),
    ((2022, 10, 30, 1, 0), 9),
    ((2023, 3, 26, 1, 0), 8),
    ((2023, 10, 29, 1, 0), 9),
    ((2024, 3, 31, 1, 0), 8),
    ((2024, 10, 27, 1, 0), 9),
    ((2025, 3, 30, 1, 0), 8),
    ((2025, 10, 26, 1, 0), 9),
    ((2026, 3, 29, 1, 0), 8),
    ((2026, 10, 25, 1, 0), 9),
    ((2027, 3, 28, 1, 0), 8),
    ((2027, 10, 31, 1, 0), 9),
    ((2028, 3, 26, 1, 0), 8),
    ((2028, 10, 29, 1, 0), 9),
    ((2029, 3, 25, 1, 0), 8),
    ((2029, 10, 28, 1, 0), 9),
    ((2030, 3, 31, 1, 0), 8),
    ((2030, 10, 27, 1, 0), 9),
    ((2031, 3, 30, 1, 0), 8),
    ((2031, 10, 26, 1, 0), 9),
    ((2032, 3, 28, 1, 0), 8),
    ((2032, 10, 31, 1, 0), 9),
    ((2033, 3, 27, 1, 0), 8),
    ((2033, 10, 30, 1, 0), 9),
    ((2034, 3, 26, 1, 0), 8),
    ((2034, 10, 29, 1, 0), 9),
    ((2035, 3, 25, 1, 0), 8),
    ((2035, 10, 28, 1, 0), 9),
    ((2036, 3, 30, 1, 0), 8),
    ((2036, 10, 26, 1, 0), 9),
    ((2037, 3, 29, 1, 0), 8),
    ((2037, 10, 25, 1, 0), 9)
]
posix = 'EET-2EEST,M3.5.0/3,M10.5.0/4'
