types = [
    ((1, 22), 0, 'LMT'),
    (2, 1, 'CEST'),
    (1, 0, 'CET'),
    (2, 1, 'CEST'),
    (1, 0, 'CET'),
    (3, 1, 'CEST'),
    (2, 0, 'CET'),
    (4, 1, 'MSD'),
    (3, 0, 'MSK'),
    (3, 0, 'MSK'),
    (4, 1, 'MSD'),
    (3, 1, 'EEST'),
    (2, 0, 'EET'),
    (3, 0, 'FET'),
    (2, 0, 'EET')
]
times = [
    ((1, 1, 2, 0, 0), 0),
    ((1893, 3, 31, 22, 38), 2),
    ((1916, 4, 30, 22, 0), 1),
    ((1916, 9, 30, 23, 0), 2),
    ((1917, 4, 16, 1, 0), 3),
    ((1917, 9, 17, 1, 0), 4),
    ((1918, 4, 15, 1, 0), 3),
    ((1918, 9, 16, 1, 0), 4),
    ((1940, 4, 1, 1, 0), 3),
    ((1942, 11, 2, 1, 0), 4),
    ((1943, 3, 29, 1, 0), 3),
    ((1943, 10, 4, 1, 0), 4),
    ((1944, 4, 3, 1, 0), 3),
    ((1944, 10, 2, 1, 0), 4),
    ((1944, 12, 31, 23, 0), 6),
    ((1945, 4, 28, 22, 0), 5),
    ((1945, 10, 31, 21, 0), 6),
    ((1945, 12, 31, 22, 0), 8),
    ((1981, 3, 31, 21, 0), 7),
    ((1981, 9, 30, 20, 0), 8),
    ((1982, 3, 31, 21, 0), 7),
    ((1982, 9, 30, 20, 0), 8),
    ((1983, 3, 31, 21, 0), 7),
    ((1983, 9, 30, 20, 0), 8),
    ((1984, 3, 31, 21, 0), 7),
    ((1984, 9, 29, 23, 0), 9),
    ((1985, 3, 30, 23, 0), 10),
    ((1985, 9, 28, 23, 0), 9),
    ((1986, 3, 29, 23, 0), 10),
    ((1986, 9, 27, 23, 0), 9),
    ((1987, 3, 28, 23, 0), 10),
    ((1987, 9, 26, 23, 0), 9),
    ((1988, 3, 26, 23, 0), 10),
    ((1988, 9, 24, 23, 0), 9),
    ((1989, 3, 25, 23, 0), 11),
    ((1989, 9, 24, 0, 0), 12),
    ((1990, 3, 25, 0, 0), 11),
    ((1990, 9, 30, 0, 0), 12),
    ((1991, 3, 31, 0, 0), 11),
    ((1991, 9, 29, 0, 0), 12),
    ((1992, 3, 29, 0, 0), 11),
    ((1992, 9, 27, 0, 0), 12),
    ((1993, 3, 28, 0, 0), 11),
    ((1993, 9, 26, 0, 0), 12),
    ((1994, 3, 27, 0, 0), 11),
    ((1994, 9, 25, 0, 0), 12),
    ((1995, 3, 26, 0, 0), 11),
    ((1995, 9, 24, 0, 0), 12),
    ((1996, 3, 31, 0, 0), 11),
    ((1996, 10, 27, 0, 0), 12),
    ((1997, 3, 30, 0, 0), 11),
    ((1997, 10, 26, 0, 0), 12),
    ((1998, 3, 29, 0, 0), 11),
    ((1998, 10, 25, 0, 0), 12),
    ((1999, 3, 28, 0, 0), 11),
    ((1999, 10, 31, 0, 0), 12),
    ((2000, 3, 26, 0, 0), 11),
    ((2000, 10, 29, 0, 0), 12),
    ((2001, 3, 25, 0, 0), 11),
    ((2001, 10, 28, 0, 0), 12),
    ((2002, 3, 31, 0, 0), 11),
    ((2002, 10, 27, 0, 0), 12),
    ((2003, 3, 30, 0, 0), 11),
    ((2003, 10, 26, 0, 0), 12),
    ((2004, 3, 28, 0, 0), 11),
    ((2004, 10, 31, 0, 0), 12),
    ((2005, 3, 27, 0, 0), 11),
    ((2005, 10, 30, 0, 0), 12),
    ((2006, 3, 26, 0, 0), 11),
    ((2006, 10, 29, 0, 0), 12),
    ((2007, 3, 25, 0, 0), 11),
    ((2007, 10, 28, 0, 0), 12),
    ((2008, 3, 30, 0, 0), 11),
    ((2008, 10, 26, 0, 0), 12),
    ((2009, 3, 29, 0, 0), 11),
    ((2009, 10, 25, 0, 0), 12),
    ((2010, 3, 28, 0, 0), 11),
    ((2010, 10, 31, 0, 0), 12),
    ((2011, 3, 27, 0, 0), 13),
    ((2014, 10, 25, 23, 0), 12)
]
posix = 'EET-2'
