types = [
    ((3, 18, 48), 0, 'LMT'),
    (3, 0, '+03'),
    (5, 1, '+05'),
    (4, 0, '+04'),
    (4, 0, '+04'),
    (5, 1, '+05'),
    (4, 1, '+04'),
    (3, 0, '+03')
]
times = [
    ((1, 1, 2, 0, 0), 0),
    ((1919, 6, 30, 22, 41, 12), 1),
    ((1930, 6, 20, 21, 0), 3),
    ((1981, 3, 31, 20, 0), 2),
    ((1981, 9, 30, 19, 0), 3),
    ((1982, 3, 31, 20, 0), 2),
    ((1982, 9, 30, 19, 0), 3),
    ((1983, 3, 31, 20, 0), 2),
    ((1983, 9, 30, 19, 0), 3),
    ((1984, 3, 31, 20, 0), 2),
    ((1984, 9, 29, 22, 0), 4),
    ((1985, 3, 30, 22, 0), 5),
    ((1985, 9, 28, 22, 0), 4),
    ((1986, 3, 29, 22, 0), 5),
    ((1986, 9, 27, 22, 0), 4),
    ((1987, 3, 28, 22, 0), 5),
    ((1987, 9, 26, 22, 0), 4),
    ((1988, 3, 26, 22, 0), 5),
    ((1988, 9, 24, 22, 0), 4),
    ((1989, 3, 25, 22, 0), 6),
    ((1989, 9, 23, 23, 0), 7),
    ((1990, 3, 24, 23, 0), 6),
    ((1990, 9, 29, 23, 0), 7),
    ((1991, 3, 30, 23, 0), 4),
    ((1992, 3, 28, 22, 0), 6),
    ((1992, 9, 26, 23, 0), 7),
    ((1993, 3, 27, 23, 0), 6),
    ((1993, 9, 25, 23, 0), 7),
    ((1994, 3, 26, 23, 0), 6),
    ((1994, 9, 24, 23, 0), 7),
    ((1995, 3, 25, 23, 0), 6),
    ((1995, 9, 23, 23, 0), 7),
    ((1996, 3, 30, 23, 0), 6),
    ((1996, 10, 26, 23, 0), 7),
    ((1997, 3, 29, 23, 0), 6),
    ((1997, 10, 25, 23, 0), 7),
    ((1998, 3, 28, 23, 0), 6),
    ((1998, 10, 24, 23, 0), 7),
    ((1999, 3, 27, 23, 0), 6),
    ((1999, 10, 30, 23, 0), 7),
    ((2000, 3, 25, 23, 0), 6),
    ((2000, 10, 28, 23, 0), 7),
    ((2001, 3, 24, 23, 0), 6),
    ((2001, 10, 27, 23, 0), 7),
    ((2002, 3, 30, 23, 0), 6),
    ((2002, 10, 26, 23, 0), 7),
    ((2003, 3, 29, 23, 0), 6),
    ((2003, 10, 25, 23, 0), 7),
    ((2004, 3, 27, 23, 0), 6),
    ((2004, 10, 30, 23, 0), 7),
    ((2005, 3, 26, 23, 0), 6),
    ((2005, 10, 29, 23, 0), 7),
    ((2006, 3, 25, 23, 0), 6),
    ((2006, 10, 28, 23, 0), 7),
    ((2007, 3, 24, 23, 0), 6),
    ((2007, 10, 27, 23, 0), 7),
    ((2008, 3, 29, 23, 0), 6),
    ((2008, 10, 25, 23, 0), 7),
    ((2009, 3, 28, 23, 0), 6),
    ((2009, 10, 24, 23, 0), 7),
    ((2010, 3, 27, 23, 0), 6),
    ((2010, 10, 30, 23, 0), 7),
    ((2011, 3, 26, 23, 0), 4),
    ((2014, 10, 25, 22, 0), 7),
    ((2038, 1, 19, 3, 14, 7), 7)
]
posix = '<+03>-3'
