types = [
    ((0, 24, 36), 0, 'LMT'),
    (2, 1, 'CEST'),
    (1, 0, 'CET'),
    (2, 1, 'CEST'),
    (1, 0, 'CET'),
    (1, 1, 'WEST'),
    (0, 0, 'WET'),
    (0, 0, 'WET'),
    (1, 1, 'WEST'),
    (1, 0, 'WET'),
    (2, 1, 'WEST'),
    (2, 1, 'WEST'),
    (2, 1, 'CEST'),
    (1, 0, 'CET')
]
times = [
    ((1, 1, 2, 0, 0), 0),
    ((1904, 5, 31, 23, 35, 24), 2),
    ((1916, 5, 14, 22, 0), 1),
    ((1916, 9, 30, 23, 0), 2),
    ((1917, 4, 28, 22, 0), 1),
    ((1917, 9, 16, 23, 0), 2),
    ((1918, 4, 15, 1, 0), 3),
    ((1918, 9, 16, 1, 0), 4),
    ((1918, 11, 24, 23, 0), 6),
    ((1919, 3, 1, 23, 0), 5),
    ((1919, 10, 5, 2, 0), 6),
    ((1920, 2, 14, 23, 0), 5),
    ((1920, 10, 24, 1, 0), 6),
    ((1921, 3, 14, 23, 0), 5),
    ((1921, 10, 26, 1, 0), 6),
    ((1922, 3, 25, 23, 0), 5),
    ((1922, 10, 8, 0, 0), 6),
    ((1923, 4, 21, 23, 0), 5),
    ((1923, 10, 7, 1, 0), 6),
    ((1924, 3, 29, 23, 0), 5),
    ((1924, 10, 5, 0, 0), 6),
    ((1925, 4, 5, 23, 0), 5),
    ((1925, 10, 4, 0, 0), 6),
    ((1926, 4, 17, 23, 0), 5),
    ((1926, 10, 3, 0, 0), 6),
    ((1927, 4, 9, 23, 0), 5),
    ((1927, 10, 2, 0, 0), 6),
    ((1928, 4, 14, 23, 0), 5),
    ((1928, 10, 7, 0, 0), 6),
    ((1929, 4, 20, 23, 0), 5),
    ((1929, 10, 6, 2, 0), 7),
    ((1930, 4, 13, 2, 0), 8),
    ((1930, 10, 5, 2, 0), 7),
    ((1931, 4, 19, 2, 0), 8),
    ((1931, 10, 4, 2, 0), 7),
    ((1932, 4, 3, 2, 0), 8),
    ((1932, 10, 2, 2, 0), 7),
    ((1933, 3, 26, 2, 0), 8),
    ((1933, 10, 8, 2, 0), 7),
    ((1934, 4, 8, 2, 0), 8),
    ((1934, 10, 7, 2, 0), 7),
    ((1935, 3, 31, 2, 0), 8),
    ((1935, 10, 6, 2, 0), 7),
    ((1936, 4, 19, 2, 0), 8),
    ((1936, 10, 4, 2, 0), 7),
    ((1937, 4, 4, 2, 0), 8),
    ((1937, 10, 3, 2, 0), 7),
    ((1938, 3, 27, 2, 0), 8),
    ((1938, 10, 2, 2, 0), 7),
    ((1939, 4, 16, 2, 0), 8),
    ((1939, 11, 19, 2, 0), 7),
    ((1940, 2, 25, 2, 0), 8),
    ((1940, 5, 14, 2, 0), 11),
    ((1942, 11, 2, 1, 0), 9),
    ((1943, 3, 29, 1, 0), 10),
    ((1943, 10, 4, 1, 0), 9),
    ((1944, 4, 3, 1, 0), 10),
    ((1944, 9, 18, 1, 0), 2),
    ((1945, 4, 2, 1, 0), 3),
    ((1945, 9, 16, 1, 0), 4),
    ((1946, 5, 19, 1, 0), 3),
    ((1946, 10, 7, 1, 0), 4),
    ((1976, 12, 31, 23, 0), 2),
    ((1977, 4, 3, 1, 0), 12),
    ((1977, 9, 25, 1, 0), 13),
    ((1978, 4, 2, 1, 0), 12),
    ((1978, 10, 1, 1, 0), 13),
    ((1979, 4, 1, 1, 0), 12),
    ((1979, 9, 30, 1, 0), 13),
    ((1980, 4, 6, 1, 0), 12),
    ((1980, 9, 28, 1, 0), 13),
    ((1981, 3, 29, 1, 0), 12),
    ((1981, 9, 27, 1, 0), 13),
    ((1982, 3, 28, 1, 0), 12),
    ((1982, 9, 26, 1, 0), 13),
    ((1983, 3, 27, 1, 0), 12),
    ((1983, 9, 25, 1, 0), 13),
    ((1984, 3, 25, 1, 0), 12),
    ((1984, 9, 30, 1, 0), 13),
    ((1985, 3, 31, 1, 0), 12),
    ((1985, 9, 29, 1, 0), 13),
    ((1986, 3, 30, 1, 0), 12),
    ((1986, 9, 28, 1, 0), 13),
    ((1987, 3, 29, 1, 0), 12),
    ((1987, 9, 27, 1, 0), 13),
    ((1988, 3, 27, 1, 0), 12),
    ((1988, 9, 25, 1, 0), 13),
    ((1989, 3, 26, 1, 0), 12),
    ((1989, 9, 24, 1, 0), 13),
    ((1990, 3, 25, 1, 0), 12),
    ((1990, 9, 30, 1, 0), 13),
    ((1991, 3, 31, 1, 0), 12),
    ((1991, 9, 29, 1, 0), 13),
    ((1992, 3, 29, 1, 0), 12),
    ((1992, 9, 27, 1, 0), 13),
    ((1993, 3, 28, 1, 0), 12),
    ((1993, 9, 26, 1, 0), 13),
    ((1994, 3, 27, 1, 0), 12),
    ((1994, 9, 25, 1, 0), 13),
    ((1995, 3, 26, 1, 0), 12),
    ((1995, 9, 24, 1, 0), 13),
    ((1996, 3, 31, 1, 0), 12),
    ((1996, 10, 27, 1, 0), 13),
    ((1997, 3, 30, 1, 0), 12),
    ((1997, 10, 26, 1, 0), 13),
    ((1998, 3, 29, 1, 0), 12),
    ((1998, 10, 25, 1, 0), 13),
    ((1999, 3, 28, 1, 0), 12),
    ((1999, 10, 31, 1, 0), 13),
    ((2000, 3, 26, 1, 0), 12),
    ((2000, 10, 29, 1, 0), 13),
    ((2001, 3, 25, 1, 0), 12),
    ((2001, 10, 28, 1, 0), 13),
    ((2002, 3, 31, 1, 0), 12),
    ((2002, 10, 27, 1, 0), 13),
    ((2003, 3, 30, 1, 0), 12),
    ((2003, 10, 26, 1, 0), 13),
    ((2004, 3, 28, 1, 0), 12),
    ((2004, 10, 31, 1, 0), 13),
    ((2005, 3, 27, 1, 0), 12),
    ((2005, 10, 30, 1, 0), 13),
    ((2006, 3, 26, 1, 0), 12),
    ((2006, 10, 29, 1, 0), 13),
    ((2007, 3, 25, 1, 0), 12),
    ((2007, 10, 28, 1, 0), 13),
    ((2008, 3, 30, 1, 0), 12),
    ((2008, 10, 26, 1, 0), 13),
    ((2009, 3, 29, 1, 0), 12),
    ((2009, 10, 25, 1, 0), 13),
    ((2010, 3, 28, 1, 0), 12),
    ((2010, 10, 31, 1, 0), 13),
    ((2011, 3, 27, 1, 0), 12),
    ((2011, 10, 30, 1, 0), 13),
    ((2012, 3, 25, 1, 0), 12),
    ((2012, 10, 28, 1, 0), 13),
    ((2013, 3, 31, 1, 0), 12),
    ((2013, 10, 27, 1, 0), 13),
    ((2014, 3, 30, 1, 0), 12),
    ((2014, 10, 26, 1, 0), 13),
    ((2015, 3, 29, 1, 0), 12),
    ((2015, 10, 25, 1, 0), 13),
    ((2016, 3, 27, 1, 0), 12),
    ((2016, 10, 30, 1, 0), 13),
    ((2017, 3, 26, 1, 0), 12),
    ((2017, 10, 29, 1, 0), 13),
    ((2018, 3, 25, 1, 0), 12),
    ((2018, 10, 28, 1, 0), 13),
    ((2019, 3, 31, 1, 0), 12),
    ((2019, 10, 27, 1, 0), 13),
    ((2020, 3, 29, 1, 0), 12),
    ((2020, 10, 25, 1, 0), 13),
    ((2021, 3, 28, 1, 0), 12),
    ((2021, 10, 31, 1, 0), 13),
    ((2022, 3, 27, 1, 0), 12),
    ((2022, 10, 30, 1, 0), 13),
    ((2023, 3, 26, 1, 0), 12),
    ((2023, 10, 29, 1, 0), 13),
    ((2024, 3, 31, 1, 0), 12),
    ((2024, 10, 27, 1, 0), 13),
    ((2025, 3, 30, 1, 0), 12),
    ((2025, 10, 26, 1, 0), 13),
    ((2026, 3, 29, 1, 0), 12),
    ((2026, 10, 25, 1, 0), 13),
    ((2027, 3, 28, 1, 0), 12),
    ((2027, 10, 31, 1, 0), 13),
    ((2028, 3, 26, 1, 0), 12),
    ((2028, 10, 29, 1, 0), 13),
    ((2029, 3, 25, 1, 0), 12),
    ((2029, 10, 28, 1, 0), 13),
    ((2030, 3, 31, 1, 0), 12),
    ((2030, 10, 27, 1, 0), 13),
    ((2031, 3, 30, 1, 0), 12),
    ((2031, 10, 26, 1, 0), 13),
    ((2032, 3, 28, 1, 0), 12),
    ((2032, 10, 31, 1, 0), 13),
    ((2033, 3, 27, 1, 0), 12),
    ((2033, 10, 30, 1, 0), 13),
    ((2034, 3, 26, 1, 0), 12),
    ((2034, 10, 29, 1, 0), 13),
    ((2035, 3, 25, 1, 0), 12),
    ((2035, 10, 28, 1, 0), 13),
    ((2036, 3, 30, 1, 0), 12),
    ((2036, 10, 26, 1, 0), 13),
    ((2037, 3, 29, 1, 0), 12),
    ((2037, 10, 25, 1, 0), 13)
]
posix = 'CET-1CEST,M3.5.0,M10.5.0/3'
