types = [
    ((3, 20, 20), 0, 'LMT'),
    (3, 0, 'SAMT'),
    (4, 0, 'SAMT'),
    (5, 1, 'KUYST'),
    (4, 0, 'KUYT'),
    (4, 0, 'KUYT'),
    (5, 1, 'KUYST'),
    (4, 1, 'MSD'),
    (3, 0, 'MSK'),
    (3, 1, 'EEST'),
    (2, 0, 'EET'),
    (3, 0, 'SAMT'),
    (5, 1, 'SAMST'),
    (4, 0, 'SAMT'),
    (4, 1, 'SAMST')
]
times = [
    ((1, 1, 2, 0, 0), 0),
    ((1919, 6, 30, 22, 39, 40), 1),
    ((1930, 6, 20, 21, 0), 2),
    ((1935, 1, 26, 20, 0), 4),
    ((1981, 3, 31, 20, 0), 3),
    ((1981, 9, 30, 19, 0), 4),
    ((1982, 3, 31, 20, 0), 3),
    ((1982, 9, 30, 19, 0), 4),
    ((1983, 3, 31, 20, 0), 3),
    ((1983, 9, 30, 19, 0), 4),
    ((1984, 3, 31, 20, 0), 3),
    ((1984, 9, 29, 22, 0), 5),
    ((1985, 3, 30, 22, 0), 6),
    ((1985, 9, 28, 22, 0), 5),
    ((1986, 3, 29, 22, 0), 6),
    ((1986, 9, 27, 22, 0), 5),
    ((1987, 3, 28, 22, 0), 6),
    ((1987, 9, 26, 22, 0), 5),
    ((1988, 3, 26, 22, 0), 6),
    ((1988, 9, 24, 22, 0), 5),
    ((1989, 3, 25, 22, 0), 7),
    ((1989, 9, 23, 23, 0), 8),
    ((1990, 3, 24, 23, 0), 7),
    ((1990, 9, 29, 23, 0), 8),
    ((1991, 3, 30, 23, 0), 9),
    ((1991, 9, 29, 0, 0), 11),
    ((1991, 10, 20, 0, 0), 2),
    ((1992, 3, 28, 22, 0), 12),
    ((1992, 9, 26, 22, 0), 13),
    ((1993, 3, 27, 22, 0), 12),
    ((1993, 9, 25, 22, 0), 13),
    ((1994, 3, 26, 22, 0), 12),
    ((1994, 9, 24, 22, 0), 13),
    ((1995, 3, 25, 22, 0), 12),
    ((1995, 9, 23, 22, 0), 13),
    ((1996, 3, 30, 22, 0), 12),
    ((1996, 10, 26, 22, 0), 13),
    ((1997, 3, 29, 22, 0), 12),
    ((1997, 10, 25, 22, 0), 13),
    ((1998, 3, 28, 22, 0), 12),
    ((1998, 10, 24, 22, 0), 13),
    ((1999, 3, 27, 22, 0), 12),
    ((1999, 10, 30, 22, 0), 13),
    ((2000, 3, 25, 22, 0), 12),
    ((2000, 10, 28, 22, 0), 13),
    ((2001, 3, 24, 22, 0), 12),
    ((2001, 10, 27, 22, 0), 13),
    ((2002, 3, 30, 22, 0), 12),
    ((2002, 10, 26, 22, 0), 13),
    ((2003, 3, 29, 22, 0), 12),
    ((2003, 10, 25, 22, 0), 13),
    ((2004, 3, 27, 22, 0), 12),
    ((2004, 10, 30, 22, 0), 13),
    ((2005, 3, 26, 22, 0), 12),
    ((2005, 10, 29, 22, 0), 13),
    ((2006, 3, 25, 22, 0), 12),
    ((2006, 10, 28, 22, 0), 13),
    ((2007, 3, 24, 22, 0), 12),
    ((2007, 10, 27, 22, 0), 13),
    ((2008, 3, 29, 22, 0), 12),
    ((2008, 10, 25, 22, 0), 13),
    ((2009, 3, 28, 22, 0), 12),
    ((2009, 10, 24, 22, 0), 13),
    ((2010, 3, 27, 22, 0), 14),
    ((2010, 10, 30, 23, 0), 11),
    ((2011, 3, 26, 23, 0), 13)
]
posix = 'SAMT-4'
