types = [
    ((2, 16, 24), 0, 'LMT'),
    ((2, 16), 0, 'SMT'),
    (2, 0, 'EET'),
    (3, 0, 'MSK'),
    (1, 0, 'CET'),
    (2, 1, 'CEST'),
    (2, 1, 'CEST'),
    (4, 1, 'MSD'),
    (3, 0, 'MSK'),
    (4, 1, 'MSD'),
    (3, 1, 'EEST'),
    (3, 1, 'EEST'),
    (2, 0, 'EET'),
    (4, 0, 'MSK'),
    (3, 0, 'MSK')
]
times = [
    ((1, 1, 2, 0, 0), 0),
    ((1879, 12, 31, 21, 43, 36), 1),
    ((1924, 5, 1, 21, 44), 2),
    ((1930, 6, 20, 22, 0), 3),
    ((1941, 10, 31, 21, 0), 6),
    ((1942, 11, 2, 1, 0), 4),
    ((1943, 3, 29, 1, 0), 5),
    ((1943, 10, 4, 1, 0), 4),
    ((1944, 4, 3, 1, 0), 5),
    ((1944, 4, 12, 22, 0), 3),
    ((1981, 3, 31, 21, 0), 7),
    ((1981, 9, 30, 20, 0), 3),
    ((1982, 3, 31, 21, 0), 7),
    ((1982, 9, 30, 20, 0), 3),
    ((1983, 3, 31, 21, 0), 7),
    ((1983, 9, 30, 20, 0), 3),
    ((1984, 3, 31, 21, 0), 7),
    ((1984, 9, 29, 23, 0), 8),
    ((1985, 3, 30, 23, 0), 9),
    ((1985, 9, 28, 23, 0), 8),
    ((1986, 3, 29, 23, 0), 9),
    ((1986, 9, 27, 23, 0), 8),
    ((1987, 3, 28, 23, 0), 9),
    ((1987, 9, 26, 23, 0), 8),
    ((1988, 3, 26, 23, 0), 9),
    ((1988, 9, 24, 23, 0), 8),
    ((1989, 3, 25, 23, 0), 9),
    ((1989, 9, 23, 23, 0), 8),
    ((1989, 12, 31, 21, 0), 3),
    ((1990, 6, 30, 23, 0), 2),
    ((1992, 3, 28, 22, 0), 10),
    ((1992, 9, 26, 21, 0), 2),
    ((1993, 3, 27, 22, 0), 10),
    ((1993, 9, 25, 21, 0), 2),
    ((1994, 3, 26, 22, 0), 10),
    ((1994, 4, 30, 21, 0), 7),
    ((1994, 9, 24, 20, 0), 3),
    ((1995, 3, 25, 21, 0), 7),
    ((1995, 9, 23, 20, 0), 3),
    ((1996, 3, 30, 21, 0), 9),
    ((1996, 10, 27, 0, 0), 8),
    ((1996, 12, 31, 21, 0), 3),
    ((1997, 3, 30, 1, 0), 11),
    ((1997, 10, 26, 1, 0), 12),
    ((1998, 3, 29, 1, 0), 11),
    ((1998, 10, 25, 1, 0), 12),
    ((1999, 3, 28, 1, 0), 11),
    ((1999, 10, 31, 1, 0), 12),
    ((2000, 3, 26, 1, 0), 11),
    ((2000, 10, 29, 1, 0), 12),
    ((2001, 3, 25, 1, 0), 11),
    ((2001, 10, 28, 1, 0), 12),
    ((2002, 3, 31, 1, 0), 11),
    ((2002, 10, 27, 1, 0), 12),
    ((2003, 3, 30, 1, 0), 11),
    ((2003, 10, 26, 1, 0), 12),
    ((2004, 3, 28, 1, 0), 11),
    ((2004, 10, 31, 1, 0), 12),
    ((2005, 3, 27, 1, 0), 11),
    ((2005, 10, 30, 1, 0), 12),
    ((2006, 3, 26, 1, 0), 11),
    ((2006, 10, 29, 1, 0), 12),
    ((2007, 3, 25, 1, 0), 11),
    ((2007, 10, 28, 1, 0), 12),
    ((2008, 3, 30, 1, 0), 11),
    ((2008, 10, 26, 1, 0), 12),
    ((2009, 3, 29, 1, 0), 11),
    ((2009, 10, 25, 1, 0), 12),
    ((2010, 3, 28, 1, 0), 11),
    ((2010, 10, 31, 1, 0), 12),
    ((2011, 3, 27, 1, 0), 11),
    ((2011, 10, 30, 1, 0), 12),
    ((2012, 3, 25, 1, 0), 11),
    ((2012, 10, 28, 1, 0), 12),
    ((2013, 3, 31, 1, 0), 11),
    ((2013, 10, 27, 1, 0), 12),
    ((2014, 3, 30, 0, 0), 13),
    ((2014, 10, 25, 22, 0), 8)
]
posix = 'MSK-3'
