types = [
    ((1, 41, 16), 0, 'LMT'),
    ((1, 24), 0, 'WMT'),
    ((1, 35, 36), 0, 'KMT'),
    (1, 0, 'CET'),
    (2, 0, 'EET'),
    (3, 0, 'MSK'),
    (1, 0, 'CET'),
    (2, 1, 'CEST'),
    (2, 1, 'CEST'),
    (4, 1, 'MSD'),
    (3, 0, 'MSK'),
    (4, 1, 'MSD'),
    (3, 1, 'EEST'),
    (2, 0, 'EET'),
    (2, 1, 'CEST'),
    (1, 0, 'CET'),
    (2, 0, 'EET'),
    (3, 1, 'EEST')
]
times = [
    ((1, 1, 2, 0, 0), 0),
    ((1879, 12, 31, 22, 18, 44), 1),
    ((1916, 12, 31, 22, 36), 2),
    ((1919, 10, 9, 22, 24, 24), 3),
    ((1920, 7, 11, 23, 0), 4),
    ((1920, 10, 8, 22, 0), 3),
    ((1940, 8, 2, 23, 0), 5),
    ((1941, 6, 23, 21, 0), 8),
    ((1942, 11, 2, 1, 0), 6),
    ((1943, 3, 29, 1, 0), 7),
    ((1943, 10, 4, 1, 0), 6),
    ((1944, 4, 3, 1, 0), 7),
    ((1944, 7, 31, 22, 0), 5),
    ((1981, 3, 31, 21, 0), 9),
    ((1981, 9, 30, 20, 0), 5),
    ((1982, 3, 31, 21, 0), 9),
    ((1982, 9, 30, 20, 0), 5),
    ((1983, 3, 31, 21, 0), 9),
    ((1983, 9, 30, 20, 0), 5),
    ((1984, 3, 31, 21, 0), 9),
    ((1984, 9, 29, 23, 0), 10),
    ((1985, 3, 30, 23, 0), 11),
    ((1985, 9, 28, 23, 0), 10),
    ((1986, 3, 29, 23, 0), 11),
    ((1986, 9, 27, 23, 0), 10),
    ((1987, 3, 28, 23, 0), 11),
    ((1987, 9, 26, 23, 0), 10),
    ((1988, 3, 26, 23, 0), 11),
    ((1988, 9, 24, 23, 0), 10),
    ((1989, 3, 25, 23, 0), 12),
    ((1989, 9, 24, 0, 0), 13),
    ((1990, 3, 25, 0, 0), 12),
    ((1990, 9, 30, 0, 0), 13),
    ((1991, 3, 31, 0, 0), 12),
    ((1991, 9, 29, 0, 0), 13),
    ((1992, 3, 29, 0, 0), 12),
    ((1992, 9, 27, 0, 0), 13),
    ((1993, 3, 28, 0, 0), 12),
    ((1993, 9, 26, 0, 0), 13),
    ((1994, 3, 27, 0, 0), 12),
    ((1994, 9, 25, 0, 0), 13),
    ((1995, 3, 26, 0, 0), 12),
    ((1995, 9, 24, 0, 0), 13),
    ((1996, 3, 31, 0, 0), 12),
    ((1996, 10, 27, 0, 0), 13),
    ((1997, 3, 30, 0, 0), 12),
    ((1997, 10, 26, 0, 0), 13),
    ((1997, 12, 31, 22, 0), 4),
    ((1998, 3, 29, 1, 0), 14),
    ((1998, 10, 25, 1, 0), 15),
    ((1999, 3, 28, 1, 0), 14),
    ((1999, 10, 31, 1, 0), 16),
    ((2002, 12, 31, 22, 0), 4),
    ((2003, 3, 30, 1, 0), 17),
    ((2003, 10, 26, 1, 0), 16),
    ((2004, 3, 28, 1, 0), 17),
    ((2004, 10, 31, 1, 0), 16),
    ((2005, 3, 27, 1, 0), 17),
    ((2005, 10, 30, 1, 0), 16),
    ((2006, 3, 26, 1, 0), 17),
    ((2006, 10, 29, 1, 0), 16),
    ((2007, 3, 25, 1, 0), 17),
    ((2007, 10, 28, 1, 0), 16),
    ((2008, 3, 30, 1, 0), 17),
    ((2008, 10, 26, 1, 0), 16),
    ((2009, 3, 29, 1, 0), 17),
    ((2009, 10, 25, 1, 0), 16),
    ((2010, 3, 28, 1, 0), 17),
    ((2010, 10, 31, 1, 0), 16),
    ((2011, 3, 27, 1, 0), 17),
    ((2011, 10, 30, 1, 0), 16),
    ((2012, 3, 25, 1, 0), 17),
    ((2012, 10, 28, 1, 0), 16),
    ((2013, 3, 31, 1, 0), 17),
    ((2013, 10, 27, 1, 0), 16),
    ((2014, 3, 30, 1, 0), 17),
    ((2014, 10, 26, 1, 0), 16),
    ((2015, 3, 29, 1, 0), 17),
    ((2015, 10, 25, 1, 0), 16),
    ((2016, 3, 27, 1, 0), 17),
    ((2016, 10, 30, 1, 0), 16),
    ((2017, 3, 26, 1, 0), 17),
    ((2017, 10, 29, 1, 0), 16),
    ((2018, 3, 25, 1, 0), 17),
    ((2018, 10, 28, 1, 0), 16),
    ((2019, 3, 31, 1, 0), 17),
    ((2019, 10, 27, 1, 0), 16),
    ((2020, 3, 29, 1, 0), 17),
    ((2020, 10, 25, 1, 0), 16),
    ((2021, 3, 28, 1, 0), 17),
    ((2021, 10, 31, 1, 0), 16),
    ((2022, 3, 27, 1, 0), 17),
    ((2022, 10, 30, 1, 0), 16),
    ((2023, 3, 26, 1, 0), 17),
    ((2023, 10, 29, 1, 0), 16),
    ((2024, 3, 31, 1, 0), 17),
    ((2024, 10, 27, 1, 0), 16),
    ((2025, 3, 30, 1, 0), 17),
    ((2025, 10, 26, 1, 0), 16),
    ((2026, 3, 29, 1, 0), 17),
    ((2026, 10, 25, 1, 0), 16),
    ((2027, 3, 28, 1, 0), 17),
    ((2027, 10, 31, 1, 0), 16),
    ((2028, 3, 26, 1, 0), 17),
    ((2028, 10, 29, 1, 0), 16),
    ((2029, 3, 25, 1, 0), 17),
    ((2029, 10, 28, 1, 0), 16),
    ((2030, 3, 31, 1, 0), 17),
    ((2030, 10, 27, 1, 0), 16),
    ((2031, 3, 30, 1, 0), 17),
    ((2031, 10, 26, 1, 0), 16),
    ((2032, 3, 28, 1, 0), 17),
    ((2032, 10, 31, 1, 0), 16),
    ((2033, 3, 27, 1, 0), 17),
    ((2033, 10, 30, 1, 0), 16),
    ((2034, 3, 26, 1, 0), 17),
    ((2034, 10, 29, 1, 0), 16),
    ((2035, 3, 25, 1, 0), 17),
    ((2035, 10, 28, 1, 0), 16),
    ((2036, 3, 30, 1, 0), 17),
    ((2036, 10, 26, 1, 0), 16),
    ((2037, 3, 29, 1, 0), 17),
    ((2037, 10, 25, 1, 0), 16)
]
posix = 'EET-2EEST,M3.5.0/3,M10.5.0/4'
