types = [
    ((2, 57, 40), 0, 'LMT'),
    (3, 0, 'TSAT'),
    (3, 0, 'STAT'),
    (4, 0, 'STAT'),
    (5, 1, 'VOLST'),
    (4, 0, 'VOLT'),
    (4, 0, 'VOLT'),
    (5, 1, 'VOLST'),
    (4, 1, 'VOLST'),
    (3, 0, 'VOLT'),
    (4, 1, 'MSD'),
    (3, 0, 'MSK'),
    (4, 0, 'MSK'),
    (3, 0, 'MSK')
]
times = [
    ((1, 1, 2, 0, 0), 0),
    ((1920, 1, 2, 21, 2, 20), 1),
    ((1925, 4, 5, 21, 0), 2),
    ((1930, 6, 20, 21, 0), 3),
    ((1961, 11, 10, 20, 0), 5),
    ((1981, 3, 31, 20, 0), 4),
    ((1981, 9, 30, 19, 0), 5),
    ((1982, 3, 31, 20, 0), 4),
    ((1982, 9, 30, 19, 0), 5),
    ((1983, 3, 31, 20, 0), 4),
    ((1983, 9, 30, 19, 0), 5),
    ((1984, 3, 31, 20, 0), 4),
    ((1984, 9, 29, 22, 0), 6),
    ((1985, 3, 30, 22, 0), 7),
    ((1985, 9, 28, 22, 0), 6),
    ((1986, 3, 29, 22, 0), 7),
    ((1986, 9, 27, 22, 0), 6),
    ((1987, 3, 28, 22, 0), 7),
    ((1987, 9, 26, 22, 0), 6),
    ((1988, 3, 26, 22, 0), 8),
    ((1988, 9, 24, 23, 0), 9),
    ((1989, 3, 25, 23, 0), 8),
    ((1989, 9, 23, 23, 0), 9),
    ((1990, 3, 24, 23, 0), 8),
    ((1990, 9, 29, 23, 0), 9),
    ((1991, 3, 30, 23, 0), 6),
    ((1992, 3, 28, 22, 0), 10),
    ((1992, 9, 26, 23, 0), 11),
    ((1993, 3, 27, 23, 0), 10),
    ((1993, 9, 25, 23, 0), 11),
    ((1994, 3, 26, 23, 0), 10),
    ((1994, 9, 24, 23, 0), 11),
    ((1995, 3, 25, 23, 0), 10),
    ((1995, 9, 23, 23, 0), 11),
    ((1996, 3, 30, 23, 0), 10),
    ((1996, 10, 26, 23, 0), 11),
    ((1997, 3, 29, 23, 0), 10),
    ((1997, 10, 25, 23, 0), 11),
    ((1998, 3, 28, 23, 0), 10),
    ((1998, 10, 24, 23, 0), 11),
    ((1999, 3, 27, 23, 0), 10),
    ((1999, 10, 30, 23, 0), 11),
    ((2000, 3, 25, 23, 0), 10),
    ((2000, 10, 28, 23, 0), 11),
    ((2001, 3, 24, 23, 0), 10),
    ((2001, 10, 27, 23, 0), 11),
    ((2002, 3, 30, 23, 0), 10),
    ((2002, 10, 26, 23, 0), 11),
    ((2003, 3, 29, 23, 0), 10),
    ((2003, 10, 25, 23, 0), 11),
    ((2004, 3, 27, 23, 0), 10),
    ((2004, 10, 30, 23, 0), 11),
    ((2005, 3, 26, 23, 0), 10),
    ((2005, 10, 29, 23, 0), 11),
    ((2006, 3, 25, 23, 0), 10),
    ((2006, 10, 28, 23, 0), 11),
    ((2007, 3, 24, 23, 0), 10),
    ((2007, 10, 27, 23, 0), 11),
    ((2008, 3, 29, 23, 0), 10),
    ((2008, 10, 25, 23, 0), 11),
    ((2009, 3, 28, 23, 0), 10),
    ((2009, 10, 24, 23, 0), 11),
    ((2010, 3, 27, 23, 0), 10),
    ((2010, 10, 30, 23, 0), 11),
    ((2011, 3, 26, 23, 0), 12),
    ((2014, 10, 25, 22, 0), 11)
]
posix = 'MSK-3'
