types = [
    ((1, 24), 0, 'LMT'),
    ((1, 24), 0, 'WMT'),
    (2, 1, 'CEST'),
    (1, 0, 'CET'),
    (2, 1, 'CEST'),
    (1, 0, 'CET'),
    (3, 1, 'EEST'),
    (2, 0, 'EET'),
    (2, 0, 'EET'),
    (2, 1, 'CEST'),
    (1, 0, 'CET')
]
times = [
    ((1, 1, 2, 0, 0), 0),
    ((1879, 12, 31, 22, 36), 1),
    ((1915, 8, 4, 22, 36), 3),
    ((1916, 4, 30, 22, 0), 2),
    ((1916, 9, 30, 23, 0), 3),
    ((1917, 4, 16, 1, 0), 4),
    ((1917, 9, 17, 1, 0), 5),
    ((1918, 4, 15, 1, 0), 4),
    ((1918, 9, 16, 1, 0), 8),
    ((1919, 4, 15, 0, 0), 6),
    ((1919, 9, 16, 0, 0), 7),
    ((1922, 5, 31, 22, 0), 3),
    ((1940, 6, 23, 1, 0), 2),
    ((1942, 11, 2, 1, 0), 5),
    ((1943, 3, 29, 1, 0), 4),
    ((1943, 10, 4, 1, 0), 5),
    ((1944, 4, 3, 1, 0), 4),
    ((1944, 9, 30, 22, 0), 2),
    ((1944, 10, 4, 0, 0), 3),
    ((1945, 4, 28, 23, 0), 2),
    ((1945, 10, 31, 22, 0), 3),
    ((1946, 4, 13, 23, 0), 4),
    ((1946, 10, 7, 1, 0), 5),
    ((1947, 5, 4, 1, 0), 4),
    ((1947, 10, 5, 1, 0), 5),
    ((1948, 4, 18, 1, 0), 4),
    ((1948, 10, 3, 1, 0), 5),
    ((1949, 4, 10, 1, 0), 4),
    ((1949, 10, 2, 1, 0), 5),
    ((1957, 6, 2, 0, 0), 4),
    ((1957, 9, 29, 0, 0), 5),
    ((1958, 3, 30, 0, 0), 4),
    ((1958, 9, 28, 0, 0), 5),
    ((1959, 5, 31, 0, 0), 4),
    ((1959, 10, 4, 0, 0), 5),
    ((1960, 4, 3, 0, 0), 4),
    ((1960, 10, 2, 0, 0), 5),
    ((1961, 5, 28, 0, 0), 4),
    ((1961, 10, 1, 0, 0), 5),
    ((1962, 5, 27, 0, 0), 4),
    ((1962, 9, 30, 0, 0), 5),
    ((1963, 5, 26, 0, 0), 4),
    ((1963, 9, 29, 0, 0), 5),
    ((1964, 5, 31, 0, 0), 4),
    ((1964, 9, 27, 0, 0), 5),
    ((1976, 12, 31, 23, 0), 3),
    ((1977, 4, 3, 0, 0), 4),
    ((1977, 9, 25, 0, 0), 5),
    ((1978, 4, 2, 0, 0), 4),
    ((1978, 10, 1, 0, 0), 5),
    ((1979, 4, 1, 0, 0), 4),
    ((1979, 9, 30, 0, 0), 5),
    ((1980, 4, 6, 0, 0), 4),
    ((1980, 9, 28, 0, 0), 5),
    ((1981, 3, 29, 0, 0), 4),
    ((1981, 9, 27, 0, 0), 5),
    ((1982, 3, 28, 0, 0), 4),
    ((1982, 9, 26, 0, 0), 5),
    ((1983, 3, 27, 0, 0), 4),
    ((1983, 9, 25, 0, 0), 5),
    ((1984, 3, 25, 0, 0), 4),
    ((1984, 9, 30, 0, 0), 5),
    ((1985, 3, 31, 0, 0), 4),
    ((1985, 9, 29, 0, 0), 5),
    ((1986, 3, 30, 0, 0), 4),
    ((1986, 9, 28, 0, 0), 5),
    ((1987, 3, 29, 0, 0), 4),
    ((1987, 9, 27, 0, 0), 5),
    ((1987, 12, 31, 23, 0), 3),
    ((1988, 3, 27, 1, 0), 9),
    ((1988, 9, 25, 1, 0), 10),
    ((1989, 3, 26, 1, 0), 9),
    ((1989, 9, 24, 1, 0), 10),
    ((1990, 3, 25, 1, 0), 9),
    ((1990, 9, 30, 1, 0), 10),
    ((1991, 3, 31, 1, 0), 9),
    ((1991, 9, 29, 1, 0), 10),
    ((1992, 3, 29, 1, 0), 9),
    ((1992, 9, 27, 1, 0), 10),
    ((1993, 3, 28, 1, 0), 9),
    ((1993, 9, 26, 1, 0), 10),
    ((1994, 3, 27, 1, 0), 9),
    ((1994, 9, 25, 1, 0), 10),
    ((1995, 3, 26, 1, 0), 9),
    ((1995, 9, 24, 1, 0), 10),
    ((1996, 3, 31, 1, 0), 9),
    ((1996, 10, 27, 1, 0), 10),
    ((1997, 3, 30, 1, 0), 9),
    ((1997, 10, 26, 1, 0), 10),
    ((1998, 3, 29, 1, 0), 9),
    ((1998, 10, 25, 1, 0), 10),
    ((1999, 3, 28, 1, 0), 9),
    ((1999, 10, 31, 1, 0), 10),
    ((2000, 3, 26, 1, 0), 9),
    ((2000, 10, 29, 1, 0), 10),
    ((2001, 3, 25, 1, 0), 9),
    ((2001, 10, 28, 1, 0), 10),
    ((2002, 3, 31, 1, 0), 9),
    ((2002, 10, 27, 1, 0), 10),
    ((2003, 3, 30, 1, 0), 9),
    ((2003, 10, 26, 1, 0), 10),
    ((2004, 3, 28, 1, 0), 9),
    ((2004, 10, 31, 1, 0), 10),
    ((2005, 3, 27, 1, 0), 9),
    ((2005, 10, 30, 1, 0), 10),
    ((2006, 3, 26, 1, 0), 9),
    ((2006, 10, 29, 1, 0), 10),
    ((2007, 3, 25, 1, 0), 9),
    ((2007, 10, 28, 1, 0), 10),
    ((2008, 3, 30, 1, 0), 9),
    ((2008, 10, 26, 1, 0), 10),
    ((2009, 3, 29, 1, 0), 9),
    ((2009, 10, 25, 1, 0), 10),
    ((2010, 3, 28, 1, 0), 9),
    ((2010, 10, 31, 1, 0), 10),
    ((2011, 3, 27, 1, 0), 9),
    ((2011, 10, 30, 1, 0), 10),
    ((2012, 3, 25, 1, 0), 9),
    ((2012, 10, 28, 1, 0), 10),
    ((2013, 3, 31, 1, 0), 9),
    ((2013, 10, 27, 1, 0), 10),
    ((2014, 3, 30, 1, 0), 9),
    ((2014, 10, 26, 1, 0), 10),
    ((2015, 3, 29, 1, 0), 9),
    ((2015, 10, 25, 1, 0), 10),
    ((2016, 3, 27, 1, 0), 9),
    ((2016, 10, 30, 1, 0), 10),
    ((2017, 3, 26, 1, 0), 9),
    ((2017, 10, 29, 1, 0), 10),
    ((2018, 3, 25, 1, 0), 9),
    ((2018, 10, 28, 1, 0), 10),
    ((2019, 3, 31, 1, 0), 9),
    ((2019, 10, 27, 1, 0), 10),
    ((2020, 3, 29, 1, 0), 9),
    ((2020, 10, 25, 1, 0), 10),
    ((2021, 3, 28, 1, 0), 9),
    ((2021, 10, 31, 1, 0), 10),
    ((2022, 3, 27, 1, 0), 9),
    ((2022, 10, 30, 1, 0), 10),
    ((2023, 3, 26, 1, 0), 9),
    ((2023, 10, 29, 1, 0), 10),
    ((2024, 3, 31, 1, 0), 9),
    ((2024, 10, 27, 1, 0), 10),
    ((2025, 3, 30, 1, 0), 9),
    ((2025, 10, 26, 1, 0), 10),
    ((2026, 3, 29, 1, 0), 9),
    ((2026, 10, 25, 1, 0), 10),
    ((2027, 3, 28, 1, 0), 9),
    ((2027, 10, 31, 1, 0), 10),
    ((2028, 3, 26, 1, 0), 9),
    ((2028, 10, 29, 1, 0), 10),
    ((2029, 3, 25, 1, 0), 9),
    ((2029, 10, 28, 1, 0), 10),
    ((2030, 3, 31, 1, 0), 9),
    ((2030, 10, 27, 1, 0), 10),
    ((2031, 3, 30, 1, 0), 9),
    ((2031, 10, 26, 1, 0), 10),
    ((2032, 3, 28, 1, 0), 9),
    ((2032, 10, 31, 1, 0), 10),
    ((2033, 3, 27, 1, 0), 9),
    ((2033, 10, 30, 1, 0), 10),
    ((2034, 3, 26, 1, 0), 9),
    ((2034, 10, 29, 1, 0), 10),
    ((2035, 3, 25, 1, 0), 9),
    ((2035, 10, 28, 1, 0), 10),
    ((2036, 3, 30, 1, 0), 9),
    ((2036, 10, 26, 1, 0), 10),
    ((2037, 3, 29, 1, 0), 9),
    ((2037, 10, 25, 1, 0), 10)
]
posix = 'CET-1CEST,M3.5.0,M10.5.0/3'
