types = [
    ((2, 20, 40), 0, 'LMT'),
    ((2, 20), 0, 'CUT'),
    (2, 0, 'EET'),
    (3, 0, 'MSK'),
    (1, 0, 'CET'),
    (2, 1, 'CEST'),
    (2, 1, 'CEST'),
    (4, 1, 'MSD'),
    (3, 0, 'MSK'),
    (4, 1, 'MSD'),
    (3, 1, 'EEST'),
    (3, 1, 'EEST'),
    (2, 0, 'EET')
]
times = [
    ((1, 1, 2, 0, 0), 0),
    ((1879, 12, 31, 21, 39, 20), 1),
    ((1924, 5, 1, 21, 40), 2),
    ((1930, 6, 20, 22, 0), 3),
    ((1941, 8, 24, 21, 0), 6),
    ((1942, 11, 2, 1, 0), 4),
    ((1943, 3, 29, 1, 0), 5),
    ((1943, 10, 4, 1, 0), 4),
    ((1943, 10, 24, 23, 0), 3),
    ((1981, 3, 31, 21, 0), 7),
    ((1981, 9, 30, 20, 0), 3),
    ((1982, 3, 31, 21, 0), 7),
    ((1982, 9, 30, 20, 0), 3),
    ((1983, 3, 31, 21, 0), 7),
    ((1983, 9, 30, 20, 0), 3),
    ((1984, 3, 31, 21, 0), 7),
    ((1984, 9, 29, 23, 0), 8),
    ((1985, 3, 30, 23, 0), 9),
    ((1985, 9, 28, 23, 0), 8),
    ((1986, 3, 29, 23, 0), 9),
    ((1986, 9, 27, 23, 0), 8),
    ((1987, 3, 28, 23, 0), 9),
    ((1987, 9, 26, 23, 0), 8),
    ((1988, 3, 26, 23, 0), 9),
    ((1988, 9, 24, 23, 0), 8),
    ((1989, 3, 25, 23, 0), 9),
    ((1989, 9, 23, 23, 0), 8),
    ((1990, 3, 24, 23, 0), 9),
    ((1990, 9, 29, 23, 0), 8),
    ((1991, 3, 30, 23, 0), 10),
    ((1991, 9, 28, 21, 0), 2),
    ((1992, 3, 28, 22, 0), 10),
    ((1992, 9, 26, 21, 0), 2),
    ((1993, 3, 27, 22, 0), 10),
    ((1993, 9, 25, 21, 0), 2),
    ((1994, 3, 26, 22, 0), 10),
    ((1994, 9, 24, 21, 0), 2),
    ((1995, 3, 26, 1, 0), 11),
    ((1995, 9, 24, 1, 0), 12),
    ((1996, 3, 31, 1, 0), 11),
    ((1996, 10, 27, 1, 0), 12),
    ((1997, 3, 30, 1, 0), 11),
    ((1997, 10, 26, 1, 0), 12),
    ((1998, 3, 29, 1, 0), 11),
    ((1998, 10, 25, 1, 0), 12),
    ((1999, 3, 28, 1, 0), 11),
    ((1999, 10, 31, 1, 0), 12),
    ((2000, 3, 26, 1, 0), 11),
    ((2000, 10, 29, 1, 0), 12),
    ((2001, 3, 25, 1, 0), 11),
    ((2001, 10, 28, 1, 0), 12),
    ((2002, 3, 31, 1, 0), 11),
    ((2002, 10, 27, 1, 0), 12),
    ((2003, 3, 30, 1, 0), 11),
    ((2003, 10, 26, 1, 0), 12),
    ((2004, 3, 28, 1, 0), 11),
    ((2004, 10, 31, 1, 0), 12),
    ((2005, 3, 27, 1, 0), 11),
    ((2005, 10, 30, 1, 0), 12),
    ((2006, 3, 26, 1, 0), 11),
    ((2006, 10, 29, 1, 0), 12),
    ((2007, 3, 25, 1, 0), 11),
    ((2007, 10, 28, 1, 0), 12),
    ((2008, 3, 30, 1, 0), 11),
    ((2008, 10, 26, 1, 0), 12),
    ((2009, 3, 29, 1, 0), 11),
    ((2009, 10, 25, 1, 0), 12),
    ((2010, 3, 28, 1, 0), 11),
    ((2010, 10, 31, 1, 0), 12),
    ((2011, 3, 27, 1, 0), 11),
    ((2011, 10, 30, 1, 0), 12),
    ((2012, 3, 25, 1, 0), 11),
    ((2012, 10, 28, 1, 0), 12),
    ((2013, 3, 31, 1, 0), 11),
    ((2013, 10, 27, 1, 0), 12),
    ((2014, 3, 30, 1, 0), 11),
    ((2014, 10, 26, 1, 0), 12),
    ((2015, 3, 29, 1, 0), 11),
    ((2015, 10, 25, 1, 0), 12),
    ((2016, 3, 27, 1, 0), 11),
    ((2016, 10, 30, 1, 0), 12),
    ((2017, 3, 26, 1, 0), 11),
    ((2017, 10, 29, 1, 0), 12),
    ((2018, 3, 25, 1, 0), 11),
    ((2018, 10, 28, 1, 0), 12),
    ((2019, 3, 31, 1, 0), 11),
    ((2019, 10, 27, 1, 0), 12),
    ((2020, 3, 29, 1, 0), 11),
    ((2020, 10, 25, 1, 0), 12),
    ((2021, 3, 28, 1, 0), 11),
    ((2021, 10, 31, 1, 0), 12),
    ((2022, 3, 27, 1, 0), 11),
    ((2022, 10, 30, 1, 0), 12),
    ((2023, 3, 26, 1, 0), 11),
    ((2023, 10, 29, 1, 0), 12),
    ((2024, 3, 31, 1, 0), 11),
    ((2024, 10, 27, 1, 0), 12),
    ((2025, 3, 30, 1, 0), 11),
    ((2025, 10, 26, 1, 0), 12),
    ((2026, 3, 29, 1, 0), 11),
    ((2026, 10, 25, 1, 0), 12),
    ((2027, 3, 28, 1, 0), 11),
    ((2027, 10, 31, 1, 0), 12),
    ((2028, 3, 26, 1, 0), 11),
    ((2028, 10, 29, 1, 0), 12),
    ((2029, 3, 25, 1, 0), 11),
    ((2029, 10, 28, 1, 0), 12),
    ((2030, 3, 31, 1, 0), 11),
    ((2030, 10, 27, 1, 0), 12),
    ((2031, 3, 30, 1, 0), 11),
    ((2031, 10, 26, 1, 0), 12),
    ((2032, 3, 28, 1, 0), 11),
    ((2032, 10, 31, 1, 0), 12),
    ((2033, 3, 27, 1, 0), 11),
    ((2033, 10, 30, 1, 0), 12),
    ((2034, 3, 26, 1, 0), 11),
    ((2034, 10, 29, 1, 0), 12),
    ((2035, 3, 25, 1, 0), 11),
    ((2035, 10, 28, 1, 0), 12),
    ((2036, 3, 30, 1, 0), 11),
    ((2036, 10, 26, 1, 0), 12),
    ((2037, 3, 29, 1, 0), 11),
    ((2037, 10, 25, 1, 0), 12)
]
posix = 'EET-2EEST,M3.5.0/3,M10.5.0/4'
