types = [
    ((0, 0, -52), 0, 'LMT'),
    ((0, 20), 1, 'GHST'),
    (0, 0, 'GMT')
]
times = [
    ((1, 1, 2, 0, 0), 0),
    ((1918, 1, 1, 0, 0, 52), 2),
    ((1920, 9, 1, 0, 0), 1),
    ((1920, 12, 30, 23, 40), 2),
    ((1921, 9, 1, 0, 0), 1),
    ((1921, 12, 30, 23, 40), 2),
    ((1922, 9, 1, 0, 0), 1),
    ((1922, 12, 30, 23, 40), 2),
    ((1923, 9, 1, 0, 0), 1),
    ((1923, 12, 30, 23, 40), 2),
    ((1924, 9, 1, 0, 0), 1),
    ((1924, 12, 30, 23, 40), 2),
    ((1925, 9, 1, 0, 0), 1),
    ((1925, 12, 30, 23, 40), 2),
    ((1926, 9, 1, 0, 0), 1),
    ((1926, 12, 30, 23, 40), 2),
    ((1927, 9, 1, 0, 0), 1),
    ((1927, 12, 30, 23, 40), 2),
    ((1928, 9, 1, 0, 0), 1),
    ((1928, 12, 30, 23, 40), 2),
    ((1929, 9, 1, 0, 0), 1),
    ((1929, 12, 30, 23, 40), 2),
    ((1930, 9, 1, 0, 0), 1),
    ((1930, 12, 30, 23, 40), 2),
    ((1931, 9, 1, 0, 0), 1),
    ((1931, 12, 30, 23, 40), 2),
    ((1932, 9, 1, 0, 0), 1),
    ((1932, 12, 30, 23, 40), 2),
    ((1933, 9, 1, 0, 0), 1),
    ((1933, 12, 30, 23, 40), 2),
    ((1934, 9, 1, 0, 0), 1),
    ((1934, 12, 30, 23, 40), 2),
    ((1935, 9, 1, 0, 0), 1),
    ((1935, 12, 30, 23, 40), 2),
    ((1936, 9, 1, 0, 0), 1),
    ((1936, 12, 30, 23, 40), 2),
    ((1937, 9, 1, 0, 0), 1),
    ((1937, 12, 30, 23, 40), 2),
    ((1938, 9, 1, 0, 0), 1),
    ((1938, 12, 30, 23, 40), 2),
    ((1939, 9, 1, 0, 0), 1),
    ((1939, 12, 30, 23, 40), 2),
    ((1940, 9, 1, 0, 0), 1),
    ((1940, 12, 30, 23, 40), 2),
    ((1941, 9, 1, 0, 0), 1),
    ((1941, 12, 30, 23, 40), 2),
    ((1942, 9, 1, 0, 0), 1),
    ((1942, 12, 30, 23, 40), 2)
]
posix = 'GMT0'
