types = [
    ((0, 12, 12), 0, 'LMT'),
    ((0, 9, 21), 0, 'PMT'),
    (1, 1, 'WEST'),
    (0, 0, 'WET'),
    (0, 0, 'WET'),
    (2, 1, 'CEST'),
    (1, 0, 'CET'),
    (1, 1, 'WEST')
]
times = [
    ((1, 1, 2, 0, 0), 0),
    ((1891, 3, 14, 23, 48, 48), 1),
    ((1911, 3, 10, 23, 50, 39), 4),
    ((1916, 6, 14, 23, 0), 2),
    ((1916, 10, 1, 23, 0), 3),
    ((1917, 3, 24, 23, 0), 2),
    ((1917, 10, 7, 23, 0), 3),
    ((1918, 3, 9, 23, 0), 2),
    ((1918, 10, 6, 23, 0), 3),
    ((1919, 3, 1, 23, 0), 2),
    ((1919, 10, 5, 23, 0), 3),
    ((1920, 2, 14, 23, 0), 2),
    ((1920, 10, 23, 23, 0), 3),
    ((1921, 3, 14, 23, 0), 2),
    ((1921, 6, 21, 23, 0), 3),
    ((1939, 9, 11, 23, 0), 2),
    ((1939, 11, 19, 0, 0), 4),
    ((1940, 2, 25, 2, 0), 6),
    ((1944, 4, 3, 1, 0), 5),
    ((1944, 10, 8, 0, 0), 6),
    ((1945, 4, 2, 1, 0), 5),
    ((1945, 9, 15, 23, 0), 6),
    ((1946, 10, 6, 23, 0), 4),
    ((1956, 1, 29, 0, 0), 6),
    ((1963, 4, 13, 23, 0), 4),
    ((1971, 4, 25, 23, 0), 2),
    ((1971, 9, 26, 23, 0), 3),
    ((1977, 5, 6, 0, 0), 7),
    ((1977, 10, 20, 23, 0), 6),
    ((1978, 3, 24, 0, 0), 5),
    ((1978, 9, 22, 1, 0), 6),
    ((1979, 10, 25, 23, 0), 4),
    ((1980, 4, 25, 0, 0), 7),
    ((1980, 10, 31, 1, 0), 4),
    ((1981, 5, 1, 0, 0), 6)
]
posix = 'CET-1'
