types = [
    ((2, 5, 9), 0, 'LMT'),
    (3, 1, 'EEST'),
    (2, 0, 'EET'),
    (3, 1, 'EEST')
]
times = [
    ((1, 1, 2, 0, 0), 0),
    ((1900, 9, 30, 21, 54, 51), 2),
    ((1940, 7, 14, 22, 0), 1),
    ((1940, 9, 30, 21, 0), 2),
    ((1941, 4, 14, 22, 0), 1),
    ((1941, 9, 15, 21, 0), 2),
    ((1942, 3, 31, 22, 0), 1),
    ((1942, 10, 26, 21, 0), 2),
    ((1943, 3, 31, 22, 0), 1),
    ((1943, 10, 31, 21, 0), 2),
    ((1944, 3, 31, 22, 0), 1),
    ((1944, 10, 31, 21, 0), 2),
    ((1945, 4, 15, 22, 0), 1),
    ((1945, 10, 31, 21, 0), 2),
    ((1957, 5, 9, 22, 0), 1),
    ((1957, 9, 30, 21, 0), 2),
    ((1958, 4, 30, 22, 0), 1),
    ((1958, 9, 30, 21, 0), 2),
    ((1959, 4, 30, 23, 0), 1),
    ((1959, 9, 30, 0, 0), 2),
    ((1960, 4, 30, 23, 0), 1),
    ((1960, 9, 30, 0, 0), 2),
    ((1961, 4, 30, 23, 0), 1),
    ((1961, 9, 30, 0, 0), 2),
    ((1962, 4, 30, 23, 0), 1),
    ((1962, 9, 30, 0, 0), 2),
    ((1963, 4, 30, 23, 0), 1),
    ((1963, 9, 30, 0, 0), 2),
    ((1964, 4, 30, 23, 0), 1),
    ((1964, 9, 30, 0, 0), 2),
    ((1965, 4, 30, 23, 0), 1),
    ((1965, 9, 30, 0, 0), 2),
    ((1966, 4, 30, 23, 0), 1),
    ((1966, 10, 1, 0, 0), 2),
    ((1967, 4, 30, 23, 0), 1),
    ((1967, 10, 1, 0, 0), 2),
    ((1968, 4, 30, 23, 0), 1),
    ((1968, 10, 1, 0, 0), 2),
    ((1969, 4, 30, 23, 0), 1),
    ((1969, 10, 1, 0, 0), 2),
    ((1970, 4, 30, 23, 0), 1),
    ((1970, 10, 1, 0, 0), 2),
    ((1971, 4, 30, 23, 0), 1),
    ((1971, 10, 1, 0, 0), 2),
    ((1972, 4, 30, 23, 0), 1),
    ((1972, 10, 1, 0, 0), 2),
    ((1973, 4, 30, 23, 0), 1),
    ((1973, 10, 1, 0, 0), 2),
    ((1974, 4, 30, 23, 0), 1),
    ((1974, 10, 1, 0, 0), 2),
    ((1975, 4, 30, 23, 0), 1),
    ((1975, 10, 1, 0, 0), 2),
    ((1976, 4, 30, 23, 0), 1),
    ((1976, 10, 1, 0, 0), 2),
    ((1977, 4, 30, 23, 0), 1),
    ((1977, 10, 1, 0, 0), 2),
    ((1978, 4, 30, 23, 0), 1),
    ((1978, 10, 1, 0, 0), 2),
    ((1979, 4, 30, 23, 0), 1),
    ((1979, 10, 1, 0, 0), 2),
    ((1980, 4, 30, 23, 0), 1),
    ((1980, 10, 1, 0, 0), 2),
    ((1981, 4, 30, 23, 0), 1),
    ((1981, 10, 1, 0, 0), 2),
    ((1982, 7, 24, 23, 0), 1),
    ((1982, 10, 1, 0, 0), 2),
    ((1983, 7, 11, 23, 0), 1),
    ((1983, 10, 1, 0, 0), 2),
    ((1984, 4, 30, 23, 0), 1),
    ((1984, 10, 1, 0, 0), 2),
    ((1985, 4, 30, 23, 0), 1),
    ((1985, 10, 1, 0, 0), 2),
    ((1986, 4, 30, 23, 0), 1),
    ((1986, 10, 1, 0, 0), 2),
    ((1987, 4, 30, 23, 0), 1),
    ((1987, 10, 1, 0, 0), 2),
    ((1988, 4, 30, 23, 0), 1),
    ((1988, 10, 1, 0, 0), 2),
    ((1989, 5, 5, 23, 0), 1),
    ((1989, 10, 1, 0, 0), 2),
    ((1990, 4, 30, 23, 0), 1),
    ((1990, 10, 1, 0, 0), 2),
    ((1991, 4, 30, 23, 0), 1),
    ((1991, 10, 1, 0, 0), 2),
    ((1992, 4, 30, 23, 0), 1),
    ((1992, 10, 1, 0, 0), 2),
    ((1993, 4, 30, 23, 0), 1),
    ((1993, 10, 1, 0, 0), 2),
    ((1994, 4, 30, 23, 0), 1),
    ((1994, 10, 1, 0, 0), 2),
    ((1995, 4, 27, 22, 0), 3),
    ((1995, 9, 28, 21, 0), 2),
    ((1996, 4, 25, 22, 0), 3),
    ((1996, 9, 26, 21, 0), 2),
    ((1997, 4, 24, 22, 0), 3),
    ((1997, 9, 25, 21, 0), 2),
    ((1998, 4, 23, 22, 0), 3),
    ((1998, 9, 24, 21, 0), 2),
    ((1999, 4, 29, 22, 0), 3),
    ((1999, 9, 30, 21, 0), 2),
    ((2000, 4, 27, 22, 0), 3),
    ((2000, 9, 28, 21, 0), 2),
    ((2001, 4, 26, 22, 0), 3),
    ((2001, 9, 27, 21, 0), 2),
    ((2002, 4, 25, 22, 0), 3),
    ((2002, 9, 26, 21, 0), 2),
    ((2003, 4, 24, 22, 0), 3),
    ((2003, 9, 25, 21, 0), 2),
    ((2004, 4, 29, 22, 0), 3),
    ((2004, 9, 30, 21, 0), 2),
    ((2005, 4, 28, 22, 0), 3),
    ((2005, 9, 29, 21, 0), 2),
    ((2006, 4, 27, 22, 0), 3),
    ((2006, 9, 21, 21, 0), 2),
    ((2007, 4, 26, 22, 0), 3),
    ((2007, 9, 6, 21, 0), 2),
    ((2008, 4, 24, 22, 0), 3),
    ((2008, 8, 28, 21, 0), 2),
    ((2009, 4, 23, 22, 0), 3),
    ((2009, 8, 20, 21, 0), 2),
    ((2010, 4, 29, 22, 0), 3),
    ((2010, 8, 10, 21, 0), 2),
    ((2010, 9, 9, 22, 0), 1),
    ((2010, 9, 30, 21, 0), 2),
    ((2014, 5, 15, 22, 0), 1),
    ((2014, 6, 26, 21, 0), 2),
    ((2014, 7, 31, 22, 0), 1),
    ((2014, 9, 25, 21, 0), 2)
]
posix = 'EET-2'
