types = [
    ((2, 10, 8), 0, 'LMT'),
    (3, 1, 'CAST'),
    (2, 0, 'CAT'),
    (3, 0, 'EAT')
]
times = [
    ((1, 1, 2, 0, 0), 0),
    ((1930, 12, 31, 21, 49, 52), 2),
    ((1970, 4, 30, 22, 0), 1),
    ((1970, 10, 14, 21, 0), 2),
    ((1971, 4, 29, 22, 0), 1),
    ((1971, 10, 14, 21, 0), 2),
    ((1972, 4, 29, 22, 0), 1),
    ((1972, 10, 14, 21, 0), 2),
    ((1973, 4, 28, 22, 0), 1),
    ((1973, 10, 14, 21, 0), 2),
    ((1974, 4, 27, 22, 0), 1),
    ((1974, 10, 14, 21, 0), 2),
    ((1975, 4, 26, 22, 0), 1),
    ((1975, 10, 14, 21, 0), 2),
    ((1976, 4, 24, 22, 0), 1),
    ((1976, 10, 14, 21, 0), 2),
    ((1977, 4, 23, 22, 0), 1),
    ((1977, 10, 14, 21, 0), 2),
    ((1978, 4, 29, 22, 0), 1),
    ((1978, 10, 14, 21, 0), 2),
    ((1979, 4, 28, 22, 0), 1),
    ((1979, 10, 14, 21, 0), 2),
    ((1980, 4, 26, 22, 0), 1),
    ((1980, 10, 14, 21, 0), 2),
    ((1981, 4, 25, 22, 0), 1),
    ((1981, 10, 14, 21, 0), 2),
    ((1982, 4, 24, 22, 0), 1),
    ((1982, 10, 14, 21, 0), 2),
    ((1983, 4, 23, 22, 0), 1),
    ((1983, 10, 14, 21, 0), 2),
    ((1984, 4, 28, 22, 0), 1),
    ((1984, 10, 14, 21, 0), 2),
    ((1985, 4, 27, 22, 0), 1),
    ((1985, 10, 14, 21, 0), 2),
    ((2000, 1, 15, 10, 0), 3)
]
posix = 'EAT-3'
