types = [
    ((0, 52, 44), 0, 'LMT'),
    (2, 1, 'CEST'),
    (1, 0, 'CET'),
    (2, 0, 'EET')
]
times = [
    ((1, 1, 2, 0, 0), 0),
    ((1919, 12, 31, 23, 7, 16), 2),
    ((1951, 10, 14, 1, 0), 1),
    ((1951, 12, 31, 22, 0), 2),
    ((1953, 10, 9, 1, 0), 1),
    ((1953, 12, 31, 22, 0), 2),
    ((1955, 9, 29, 23, 0), 1),
    ((1955, 12, 31, 22, 0), 2),
    ((1958, 12, 31, 23, 0), 3),
    ((1981, 12, 31, 22, 0), 2),
    ((1982, 3, 31, 23, 0), 1),
    ((1982, 9, 30, 22, 0), 2),
    ((1983, 3, 31, 23, 0), 1),
    ((1983, 9, 30, 22, 0), 2),
    ((1984, 3, 31, 23, 0), 1),
    ((1984, 9, 30, 22, 0), 2),
    ((1985, 4, 5, 23, 0), 1),
    ((1985, 9, 30, 22, 0), 2),
    ((1986, 4, 3, 23, 0), 1),
    ((1986, 10, 2, 22, 0), 2),
    ((1987, 3, 31, 23, 0), 1),
    ((1987, 9, 30, 22, 0), 2),
    ((1988, 3, 31, 23, 0), 1),
    ((1988, 9, 30, 22, 0), 2),
    ((1989, 3, 31, 23, 0), 1),
    ((1989, 9, 30, 22, 0), 2),
    ((1990, 5, 3, 23, 0), 3),
    ((1996, 9, 29, 22, 0), 2),
    ((1997, 4, 3, 23, 0), 1),
    ((1997, 10, 3, 22, 0), 3),
    ((2012, 11, 10, 0, 0), 2),
    ((2013, 3, 29, 0, 0), 1),
    ((2013, 10, 25, 0, 0), 3)
]
posix = 'EET-2'
