types = [
    ((0, 40, 44), 0, 'LMT'),
    ((0, 9, 21), 0, 'PMT'),
    (2, 1, 'CEST'),
    (1, 0, 'CET'),
    (1, 0, 'CET'),
    (2, 1, 'CEST')
]
times = [
    ((1, 1, 2, 0, 0), 0),
    ((1881, 5, 11, 23, 19, 16), 1),
    ((1911, 3, 10, 23, 50, 39), 4),
    ((1939, 4, 15, 22, 0), 2),
    ((1939, 11, 18, 22, 0), 3),
    ((1940, 2, 25, 22, 0), 2),
    ((1941, 10, 5, 22, 0), 4),
    ((1942, 3, 8, 23, 0), 5),
    ((1942, 11, 2, 1, 0), 4),
    ((1943, 3, 29, 1, 0), 5),
    ((1943, 4, 17, 0, 0), 4),
    ((1943, 4, 25, 1, 0), 5),
    ((1943, 10, 4, 0, 0), 4),
    ((1944, 4, 3, 1, 0), 5),
    ((1944, 10, 7, 22, 0), 4),
    ((1945, 4, 2, 1, 0), 5),
    ((1945, 9, 15, 22, 0), 4),
    ((1977, 4, 29, 23, 0), 2),
    ((1977, 9, 23, 23, 0), 3),
    ((1978, 4, 30, 23, 0), 2),
    ((1978, 9, 30, 23, 0), 3),
    ((1988, 5, 31, 23, 0), 2),
    ((1988, 9, 24, 23, 0), 3),
    ((1989, 3, 25, 23, 0), 2),
    ((1989, 9, 23, 23, 0), 3),
    ((1990, 4, 30, 23, 0), 2),
    ((1990, 9, 29, 23, 0), 3),
    ((2005, 4, 30, 23, 0), 2),
    ((2005, 9, 30, 0, 0), 3),
    ((2006, 3, 26, 1, 0), 2),
    ((2006, 10, 29, 1, 0), 3),
    ((2007, 3, 25, 1, 0), 2),
    ((2007, 10, 28, 1, 0), 3),
    ((2008, 3, 30, 1, 0), 2),
    ((2008, 10, 26, 1, 0), 3)
]
posix = 'CET-1'
