types = [
    ((1, 8, 24), 0, 'LMT'),
    ((1, 30), 0, 'SWAT'),
    (2, 0, 'SAST'),
    (3, 1, 'SAST'),
    (2, 0, 'CAT'),
    (2, 1, 'WAST'),
    (1, 0, 'WAT')
]
times = [
    ((1, 1, 2, 0, 0), 0),
    ((1892, 2, 7, 22, 51, 36), 1),
    ((1903, 2, 28, 22, 30), 2),
    ((1942, 9, 20, 0, 0), 3),
    ((1943, 3, 20, 23, 0), 2),
    ((1990, 3, 20, 22, 0), 4),
    ((1994, 4, 2, 22, 0), 6),
    ((1994, 9, 4, 1, 0), 5),
    ((1995, 4, 2, 0, 0), 6),
    ((1995, 9, 3, 1, 0), 5),
    ((1996, 4, 7, 0, 0), 6),
    ((1996, 9, 1, 1, 0), 5),
    ((1997, 4, 6, 0, 0), 6),
    ((1997, 9, 7, 1, 0), 5),
    ((1998, 4, 5, 0, 0), 6),
    ((1998, 9, 6, 1, 0), 5),
    ((1999, 4, 4, 0, 0), 6),
    ((1999, 9, 5, 1, 0), 5),
    ((2000, 4, 2, 0, 0), 6),
    ((2000, 9, 3, 1, 0), 5),
    ((2001, 4, 1, 0, 0), 6),
    ((2001, 9, 2, 1, 0), 5),
    ((2002, 4, 7, 0, 0), 6),
    ((2002, 9, 1, 1, 0), 5),
    ((2003, 4, 6, 0, 0), 6),
    ((2003, 9, 7, 1, 0), 5),
    ((2004, 4, 4, 0, 0), 6),
    ((2004, 9, 5, 1, 0), 5),
    ((2005, 4, 3, 0, 0), 6),
    ((2005, 9, 4, 1, 0), 5),
    ((2006, 4, 2, 0, 0), 6),
    ((2006, 9, 3, 1, 0), 5),
    ((2007, 4, 1, 0, 0), 6),
    ((2007, 9, 2, 1, 0), 5),
    ((2008, 4, 6, 0, 0), 6),
    ((2008, 9, 7, 1, 0), 5),
    ((2009, 4, 5, 0, 0), 6),
    ((2009, 9, 6, 1, 0), 5),
    ((2010, 4, 4, 0, 0), 6),
    ((2010, 9, 5, 1, 0), 5),
    ((2011, 4, 3, 0, 0), 6),
    ((2011, 9, 4, 1, 0), 5),
    ((2012, 4, 1, 0, 0), 6),
    ((2012, 9, 2, 1, 0), 5),
    ((2013, 4, 7, 0, 0), 6),
    ((2013, 9, 1, 1, 0), 5),
    ((2014, 4, 6, 0, 0), 6),
    ((2014, 9, 7, 1, 0), 5),
    ((2015, 4, 5, 0, 0), 6),
    ((2015, 9, 6, 1, 0), 5),
    ((2016, 4, 3, 0, 0), 6),
    ((2016, 9, 4, 1, 0), 5),
    ((2017, 4, 2, 0, 0), 6),
    ((2017, 9, 3, 1, 0), 5),
    ((2018, 4, 1, 0, 0), 6),
    ((2018, 9, 2, 1, 0), 5),
    ((2019, 4, 7, 0, 0), 6),
    ((2019, 9, 1, 1, 0), 5),
    ((2020, 4, 5, 0, 0), 6),
    ((2020, 9, 6, 1, 0), 5),
    ((2021, 4, 4, 0, 0), 6),
    ((2021, 9, 5, 1, 0), 5),
    ((2022, 4, 3, 0, 0), 6),
    ((2022, 9, 4, 1, 0), 5),
    ((2023, 4, 2, 0, 0), 6),
    ((2023, 9, 3, 1, 0), 5),
    ((2024, 4, 7, 0, 0), 6),
    ((2024, 9, 1, 1, 0), 5),
    ((2025, 4, 6, 0, 0), 6),
    ((2025, 9, 7, 1, 0), 5),
    ((2026, 4, 5, 0, 0), 6),
    ((2026, 9, 6, 1, 0), 5),
    ((2027, 4, 4, 0, 0), 6),
    ((2027, 9, 5, 1, 0), 5),
    ((2028, 4, 2, 0, 0), 6),
    ((2028, 9, 3, 1, 0), 5),
    ((2029, 4, 1, 0, 0), 6),
    ((2029, 9, 2, 1, 0), 5),
    ((2030, 4, 7, 0, 0), 6),
    ((2030, 9, 1, 1, 0), 5),
    ((2031, 4, 6, 0, 0), 6),
    ((2031, 9, 7, 1, 0), 5),
    ((2032, 4, 4, 0, 0), 6),
    ((2032, 9, 5, 1, 0), 5),
    ((2033, 4, 3, 0, 0), 6),
    ((2033, 9, 4, 1, 0), 5),
    ((2034, 4, 2, 0, 0), 6),
    ((2034, 9, 3, 1, 0), 5),
    ((2035, 4, 1, 0, 0), 6),
    ((2035, 9, 2, 1, 0), 5),
    ((2036, 4, 6, 0, 0), 6),
    ((2036, 9, 7, 1, 0), 5),
    ((2037, 4, 5, 0, 0), 6),
    ((2037, 9, 6, 1, 0), 5)
]
posix = 'WAT-1WAST,M9.1.0,M4.1.0'
