types = [
    ((-5, -47, -3), 0, 'LMT'),
    (-5, 1, 'CDT'),
    (-6, 0, 'CST'),
    (-5, 1, 'CWT'),
    (-5, 1, 'CPT'),
    (-5, 0, 'EST'),
    (-4, 1, 'EDT'),
    (-5, 1, 'CDT'),
    (-6, 0, 'CST')
]
times = [
    ((1, 1, 2, 0, 0), 0),
    ((1883, 11, 18, 18, 0), 2),
    ((1918, 3, 31, 8, 0), 1),
    ((1918, 10, 27, 7, 0), 2),
    ((1919, 3, 30, 8, 0), 1),
    ((1919, 10, 26, 7, 0), 2),
    ((1942, 2, 9, 8, 0), 3),
    ((1945, 8, 14, 23, 0), 4),
    ((1945, 9, 30, 7, 0), 2),
    ((1946, 4, 28, 8, 0), 1),
    ((1946, 9, 29, 7, 0), 2),
    ((1953, 4, 26, 8, 0), 1),
    ((1953, 9, 27, 7, 0), 2),
    ((1954, 4, 25, 8, 0), 1),
    ((1954, 9, 26, 7, 0), 2),
    ((1955, 5, 1, 6, 0), 1),
    ((1955, 9, 25, 7, 0), 2),
    ((1956, 4, 29, 8, 0), 1),
    ((1956, 9, 30, 7, 0), 2),
    ((1957, 4, 28, 8, 0), 1),
    ((1957, 9, 29, 7, 0), 2),
    ((1958, 4, 27, 8, 0), 1),
    ((1958, 9, 28, 7, 0), 2),
    ((1959, 4, 26, 8, 0), 1),
    ((1959, 9, 27, 7, 0), 2),
    ((1960, 4, 24, 8, 0), 1),
    ((1960, 10, 30, 7, 0), 2),
    ((1961, 4, 30, 8, 0), 1),
    ((1961, 9, 24, 7, 0), 2),
    ((1962, 4, 29, 8, 0), 1),
    ((1962, 10, 28, 7, 0), 2),
    ((1963, 4, 28, 8, 0), 1),
    ((1963, 10, 27, 7, 0), 2),
    ((1964, 4, 26, 8, 0), 5),
    ((1969, 4, 27, 7, 0), 6),
    ((1969, 10, 26, 6, 0), 5),
    ((1970, 4, 26, 7, 0), 6),
    ((1970, 10, 25, 6, 0), 5),
    ((2006, 4, 2, 7, 0), 1),
    ((2006, 10, 29, 7, 0), 2),
    ((2007, 3, 11, 8, 0), 1),
    ((2007, 11, 4, 7, 0), 2),
    ((2008, 3, 9, 8, 0), 1),
    ((2008, 11, 2, 7, 0), 2),
    ((2009, 3, 8, 8, 0), 1),
    ((2009, 11, 1, 7, 0), 2),
    ((2010, 3, 14, 8, 0), 1),
    ((2010, 11, 7, 7, 0), 2),
    ((2011, 3, 13, 8, 0), 1),
    ((2011, 11, 6, 7, 0), 2),
    ((2012, 3, 11, 8, 0), 1),
    ((2012, 11, 4, 7, 0), 2),
    ((2013, 3, 10, 8, 0), 1),
    ((2013, 11, 3, 7, 0), 2),
    ((2014, 3, 9, 8, 0), 1),
    ((2014, 11, 2, 7, 0), 2),
    ((2015, 3, 8, 8, 0), 1),
    ((2015, 11, 1, 7, 0), 2),
    ((2016, 3, 13, 8, 0), 1),
    ((2016, 11, 6, 7, 0), 2),
    ((2017, 3, 12, 8, 0), 1),
    ((2017, 11, 5, 7, 0), 2),
    ((2018, 3, 11, 8, 0), 1),
    ((2018, 11, 4, 7, 0), 2),
    ((2019, 3, 10, 8, 0), 1),
    ((2019, 11, 3, 7, 0), 2),
    ((2020, 3, 8, 8, 0), 1),
    ((2020, 11, 1, 7, 0), 2),
    ((2021, 3, 14, 8, 0), 1),
    ((2021, 11, 7, 7, 0), 2),
    ((2022, 3, 13, 8, 0), 1),
    ((2022, 11, 6, 7, 0), 2),
    ((2023, 3, 12, 8, 0), 1),
    ((2023, 11, 5, 7, 0), 2),
    ((2024, 3, 10, 8, 0), 1),
    ((2024, 11, 3, 7, 0), 2),
    ((2025, 3, 9, 8, 0), 1),
    ((2025, 11, 2, 7, 0), 2),
    ((2026, 3, 8, 8, 0), 1),
    ((2026, 11, 1, 7, 0), 2),
    ((2027, 3, 14, 8, 0), 1),
    ((2027, 11, 7, 7, 0), 2),
    ((2028, 3, 12, 8, 0), 1),
    ((2028, 11, 5, 7, 0), 2),
    ((2029, 3, 11, 8, 0), 1),
    ((2029, 11, 4, 7, 0), 2),
    ((2030, 3, 10, 8, 0), 1),
    ((2030, 11, 3, 7, 0), 2),
    ((2031, 3, 9, 8, 0), 1),
    ((2031, 11, 2, 7, 0), 2),
    ((2032, 3, 14, 8, 0), 1),
    ((2032, 11, 7, 7, 0), 2),
    ((2033, 3, 13, 8, 0), 1),
    ((2033, 11, 6, 7, 0), 2),
    ((2034, 3, 12, 8, 0), 1),
    ((2034, 11, 5, 7, 0), 2),
    ((2035, 3, 11, 8, 0), 1),
    ((2035, 11, 4, 7, 0), 2),
    ((2036, 3, 9, 8, 0), 1),
    ((2036, 11, 2, 7, 0), 2),
    ((2037, 3, 8, 8, 0), 1),
    ((2037, 11, 1, 7, 0), 2)
]
posix = 'CST6CDT,M3.2.0,M11.1.0'
