types = [
    ((2, 23, 44), 0, 'LMT'),
    (3, 1, 'EEST'),
    (2, 0, 'EET'),
    (2, 0, 'EET'),
    (3, 1, 'EEST')
]
times = [
    ((1, 1, 2, 0, 0), 0),
    ((1930, 12, 31, 21, 36, 16), 2),
    ((1973, 6, 5, 22, 0), 1),
    ((1973, 9, 30, 21, 0), 2),
    ((1974, 4, 30, 22, 0), 1),
    ((1974, 9, 30, 21, 0), 2),
    ((1975, 4, 30, 22, 0), 1),
    ((1975, 9, 30, 21, 0), 2),
    ((1976, 4, 30, 22, 0), 1),
    ((1976, 10, 31, 21, 0), 2),
    ((1977, 4, 30, 22, 0), 1),
    ((1977, 9, 30, 21, 0), 2),
    ((1978, 4, 29, 22, 0), 1),
    ((1978, 9, 29, 21, 0), 2),
    ((1985, 3, 31, 22, 0), 1),
    ((1985, 9, 30, 21, 0), 2),
    ((1986, 4, 3, 22, 0), 1),
    ((1986, 10, 2, 21, 0), 2),
    ((1987, 4, 2, 22, 0), 1),
    ((1987, 10, 1, 21, 0), 2),
    ((1988, 3, 31, 22, 0), 1),
    ((1988, 10, 6, 21, 0), 2),
    ((1989, 5, 7, 22, 0), 1),
    ((1989, 10, 5, 21, 0), 2),
    ((1990, 4, 26, 22, 0), 1),
    ((1990, 10, 4, 21, 0), 2),
    ((1991, 4, 16, 22, 0), 1),
    ((1991, 9, 26, 21, 0), 2),
    ((1992, 4, 9, 22, 0), 1),
    ((1992, 10, 1, 21, 0), 2),
    ((1993, 4, 1, 22, 0), 1),
    ((1993, 9, 30, 21, 0), 2),
    ((1994, 3, 31, 22, 0), 1),
    ((1994, 9, 15, 21, 0), 2),
    ((1995, 4, 6, 22, 0), 1),
    ((1995, 9, 14, 22, 0), 3),
    ((1996, 4, 4, 22, 0), 1),
    ((1996, 9, 19, 22, 0), 3),
    ((1997, 4, 3, 22, 0), 1),
    ((1997, 9, 18, 22, 0), 3),
    ((1998, 4, 2, 22, 0), 1),
    ((1998, 9, 17, 22, 0), 3),
    ((1999, 6, 30, 22, 0), 4),
    ((1999, 9, 23, 22, 0), 3),
    ((2000, 3, 29, 22, 0), 4),
    ((2000, 9, 28, 22, 0), 3),
    ((2001, 3, 28, 22, 0), 4),
    ((2001, 9, 27, 22, 0), 3),
    ((2002, 3, 28, 22, 0), 1),
    ((2002, 9, 26, 22, 0), 3),
    ((2003, 3, 27, 22, 0), 1),
    ((2003, 10, 23, 22, 0), 3),
    ((2004, 3, 25, 22, 0), 1),
    ((2004, 10, 14, 22, 0), 3),
    ((2005, 3, 31, 22, 0), 1),
    ((2005, 9, 29, 22, 0), 3),
    ((2006, 3, 30, 22, 0), 1),
    ((2006, 10, 26, 22, 0), 3),
    ((2007, 3, 29, 22, 0), 1),
    ((2007, 10, 25, 22, 0), 3),
    ((2008, 3, 27, 22, 0), 1),
    ((2008, 10, 30, 22, 0), 3),
    ((2009, 3, 26, 22, 0), 1),
    ((2009, 10, 29, 22, 0), 3),
    ((2010, 3, 25, 22, 0), 1),
    ((2010, 10, 28, 22, 0), 3),
    ((2011, 3, 31, 22, 0), 1),
    ((2011, 10, 27, 22, 0), 3),
    ((2012, 3, 29, 22, 0), 1),
    ((2013, 12, 19, 21, 0), 2),
    ((2014, 3, 27, 22, 0), 1),
    ((2014, 10, 30, 22, 0), 3),
    ((2015, 3, 26, 22, 0), 1),
    ((2015, 10, 29, 22, 0), 3),
    ((2016, 3, 31, 22, 0), 1),
    ((2016, 10, 27, 22, 0), 3),
    ((2017, 3, 30, 22, 0), 1),
    ((2017, 10, 26, 22, 0), 3),
    ((2018, 3, 29, 22, 0), 1),
    ((2018, 10, 25, 22, 0), 3),
    ((2019, 3, 28, 22, 0), 1),
    ((2019, 10, 24, 22, 0), 3),
    ((2020, 3, 26, 22, 0), 1),
    ((2020, 10, 29, 22, 0), 3),
    ((2021, 3, 25, 22, 0), 1),
    ((2021, 10, 28, 22, 0), 3),
    ((2022, 3, 31, 22, 0), 1),
    ((2022, 10, 27, 22, 0), 3),
    ((2023, 3, 30, 22, 0), 1),
    ((2023, 10, 26, 22, 0), 3),
    ((2024, 3, 28, 22, 0), 1),
    ((2024, 10, 24, 22, 0), 3),
    ((2025, 3, 27, 22, 0), 1),
    ((2025, 10, 30, 22, 0), 3),
    ((2026, 3, 26, 22, 0), 1),
    ((2026, 10, 29, 22, 0), 3),
    ((2027, 3, 25, 22, 0), 1),
    ((2027, 10, 28, 22, 0), 3),
    ((2028, 3, 30, 22, 0), 1),
    ((2028, 10, 26, 22, 0), 3),
    ((2029, 3, 29, 22, 0), 1),
    ((2029, 10, 25, 22, 0), 3),
    ((2030, 3, 28, 22, 0), 1),
    ((2030, 10, 24, 22, 0), 3),
    ((2031, 3, 27, 22, 0), 1),
    ((2031, 10, 30, 22, 0), 3),
    ((2032, 3, 25, 22, 0), 1),
    ((2032, 10, 28, 22, 0), 3),
    ((2033, 3, 31, 22, 0), 1),
    ((2033, 10, 27, 22, 0), 3),
    ((2034, 3, 30, 22, 0), 1),
    ((2034, 10, 26, 22, 0), 3),
    ((2035, 3, 29, 22, 0), 1),
    ((2035, 10, 25, 22, 0), 3),
    ((2036, 3, 27, 22, 0), 1),
    ((2036, 10, 30, 22, 0), 3),
    ((2037, 3, 26, 22, 0), 1),
    ((2037, 10, 29, 22, 0), 3)
]
posix = 'EET-2EEST,M3.5.4/24,M10.5.5/1'
