types = [
    ((11, 49, 56), 0, 'LMT'),
    (12, 0, 'ANAT'),
    (14, 1, 'ANAST'),
    (13, 0, 'ANAT'),
    (13, 1, 'ANAST'),
    (12, 0, 'ANAT'),
    (13, 1, 'ANAST'),
    (12, 1, 'ANAST'),
    (11, 0, 'ANAT'),
    (12, 0, 'ANAT')
]
times = [
    ((1, 1, 2, 0, 0), 0),
    ((1924, 5, 1, 12, 10, 4), 1),
    ((1930, 6, 20, 12, 0), 3),
    ((1981, 3, 31, 11, 0), 2),
    ((1981, 9, 30, 10, 0), 3),
    ((1982, 3, 31, 11, 0), 4),
    ((1982, 9, 30, 11, 0), 1),
    ((1983, 3, 31, 12, 0), 4),
    ((1983, 9, 30, 11, 0), 1),
    ((1984, 3, 31, 12, 0), 4),
    ((1984, 9, 29, 14, 0), 5),
    ((1985, 3, 30, 14, 0), 6),
    ((1985, 9, 28, 14, 0), 5),
    ((1986, 3, 29, 14, 0), 6),
    ((1986, 9, 27, 14, 0), 5),
    ((1987, 3, 28, 14, 0), 6),
    ((1987, 9, 26, 14, 0), 5),
    ((1988, 3, 26, 14, 0), 6),
    ((1988, 9, 24, 14, 0), 5),
    ((1989, 3, 25, 14, 0), 6),
    ((1989, 9, 23, 14, 0), 5),
    ((1990, 3, 24, 14, 0), 6),
    ((1990, 9, 29, 14, 0), 5),
    ((1991, 3, 30, 14, 0), 7),
    ((1991, 9, 28, 15, 0), 8),
    ((1992, 1, 18, 15, 0), 5),
    ((1992, 3, 28, 14, 0), 6),
    ((1992, 9, 26, 14, 0), 5),
    ((1993, 3, 27, 14, 0), 6),
    ((1993, 9, 25, 14, 0), 5),
    ((1994, 3, 26, 14, 0), 6),
    ((1994, 9, 24, 14, 0), 5),
    ((1995, 3, 25, 14, 0), 6),
    ((1995, 9, 23, 14, 0), 5),
    ((1996, 3, 30, 14, 0), 6),
    ((1996, 10, 26, 14, 0), 5),
    ((1997, 3, 29, 14, 0), 6),
    ((1997, 10, 25, 14, 0), 5),
    ((1998, 3, 28, 14, 0), 6),
    ((1998, 10, 24, 14, 0), 5),
    ((1999, 3, 27, 14, 0), 6),
    ((1999, 10, 30, 14, 0), 5),
    ((2000, 3, 25, 14, 0), 6),
    ((2000, 10, 28, 14, 0), 5),
    ((2001, 3, 24, 14, 0), 6),
    ((2001, 10, 27, 14, 0), 5),
    ((2002, 3, 30, 14, 0), 6),
    ((2002, 10, 26, 14, 0), 5),
    ((2003, 3, 29, 14, 0), 6),
    ((2003, 10, 25, 14, 0), 5),
    ((2004, 3, 27, 14, 0), 6),
    ((2004, 10, 30, 14, 0), 5),
    ((2005, 3, 26, 14, 0), 6),
    ((2005, 10, 29, 14, 0), 5),
    ((2006, 3, 25, 14, 0), 6),
    ((2006, 10, 28, 14, 0), 5),
    ((2007, 3, 24, 14, 0), 6),
    ((2007, 10, 27, 14, 0), 5),
    ((2008, 3, 29, 14, 0), 6),
    ((2008, 10, 25, 14, 0), 5),
    ((2009, 3, 28, 14, 0), 6),
    ((2009, 10, 24, 14, 0), 5),
    ((2010, 3, 27, 14, 0), 7),
    ((2010, 10, 30, 15, 0), 8),
    ((2011, 3, 26, 15, 0), 5)
]
posix = 'ANAT-12'
