types = [
    ((3, 53, 32), 0, 'LMT'),
    (4, 0, 'ASHT'),
    (6, 1, 'ASHST'),
    (5, 0, 'ASHT'),
    (5, 0, 'ASHT'),
    (6, 1, 'ASHST'),
    (5, 1, 'ASHST'),
    (4, 0, 'ASHT'),
    (4, 0, 'TMT'),
    (5, 0, 'TMT')
]
times = [
    ((1, 1, 2, 0, 0), 0),
    ((1924, 5, 1, 20, 6, 28), 1),
    ((1930, 6, 20, 20, 0), 3),
    ((1981, 3, 31, 19, 0), 2),
    ((1981, 9, 30, 18, 0), 3),
    ((1982, 3, 31, 19, 0), 2),
    ((1982, 9, 30, 18, 0), 3),
    ((1983, 3, 31, 19, 0), 2),
    ((1983, 9, 30, 18, 0), 3),
    ((1984, 3, 31, 19, 0), 2),
    ((1984, 9, 29, 21, 0), 4),
    ((1985, 3, 30, 21, 0), 5),
    ((1985, 9, 28, 21, 0), 4),
    ((1986, 3, 29, 21, 0), 5),
    ((1986, 9, 27, 21, 0), 4),
    ((1987, 3, 28, 21, 0), 5),
    ((1987, 9, 26, 21, 0), 4),
    ((1988, 3, 26, 21, 0), 5),
    ((1988, 9, 24, 21, 0), 4),
    ((1989, 3, 25, 21, 0), 5),
    ((1989, 9, 23, 21, 0), 4),
    ((1990, 3, 24, 21, 0), 5),
    ((1990, 9, 29, 21, 0), 4),
    ((1991, 3, 30, 21, 0), 6),
    ((1991, 9, 28, 22, 0), 7),
    ((1991, 10, 26, 20, 0), 8),
    ((1992, 1, 18, 22, 0), 9)
]
posix = 'TMT-5'
