types = [
    ((2, 57, 40), 0, 'LMT'),
    ((2, 57, 36), 0, 'BMT'),
    (3, 0, 'AST'),
    (4, 1, 'ADT'),
    (3, 0, 'AST'),
    (4, 1, 'ADT')
]
times = [
    ((1, 1, 2, 0, 0), 0),
    ((1889, 12, 31, 21, 2, 20), 1),
    ((1917, 12, 31, 21, 2, 24), 2),
    ((1982, 4, 30, 21, 0), 3),
    ((1982, 9, 30, 20, 0), 2),
    ((1983, 3, 30, 21, 0), 3),
    ((1983, 9, 30, 20, 0), 2),
    ((1984, 3, 31, 21, 0), 3),
    ((1984, 9, 30, 20, 0), 2),
    ((1985, 3, 31, 21, 0), 3),
    ((1985, 9, 28, 22, 0), 4),
    ((1986, 3, 29, 22, 0), 5),
    ((1986, 9, 27, 22, 0), 4),
    ((1987, 3, 28, 22, 0), 5),
    ((1987, 9, 26, 22, 0), 4),
    ((1988, 3, 26, 22, 0), 5),
    ((1988, 9, 24, 22, 0), 4),
    ((1989, 3, 25, 22, 0), 5),
    ((1989, 9, 23, 22, 0), 4),
    ((1990, 3, 24, 22, 0), 5),
    ((1990, 9, 29, 22, 0), 4),
    ((1991, 4, 1, 0, 0), 5),
    ((1991, 10, 1, 0, 0), 4),
    ((1992, 4, 1, 0, 0), 5),
    ((1992, 10, 1, 0, 0), 4),
    ((1993, 4, 1, 0, 0), 5),
    ((1993, 10, 1, 0, 0), 4),
    ((1994, 4, 1, 0, 0), 5),
    ((1994, 10, 1, 0, 0), 4),
    ((1995, 4, 1, 0, 0), 5),
    ((1995, 10, 1, 0, 0), 4),
    ((1996, 4, 1, 0, 0), 5),
    ((1996, 10, 1, 0, 0), 4),
    ((1997, 4, 1, 0, 0), 5),
    ((1997, 10, 1, 0, 0), 4),
    ((1998, 4, 1, 0, 0), 5),
    ((1998, 10, 1, 0, 0), 4),
    ((1999, 4, 1, 0, 0), 5),
    ((1999, 10, 1, 0, 0), 4),
    ((2000, 4, 1, 0, 0), 5),
    ((2000, 10, 1, 0, 0), 4),
    ((2001, 4, 1, 0, 0), 5),
    ((2001, 10, 1, 0, 0), 4),
    ((2002, 4, 1, 0, 0), 5),
    ((2002, 10, 1, 0, 0), 4),
    ((2003, 4, 1, 0, 0), 5),
    ((2003, 10, 1, 0, 0), 4),
    ((2004, 4, 1, 0, 0), 5),
    ((2004, 10, 1, 0, 0), 4),
    ((2005, 4, 1, 0, 0), 5),
    ((2005, 10, 1, 0, 0), 4),
    ((2006, 4, 1, 0, 0), 5),
    ((2006, 10, 1, 0, 0), 4),
    ((2007, 4, 1, 0, 0), 5),
    ((2007, 10, 1, 0, 0), 4)
]
posix = 'AST-3'
