types = [
    ((3, 19, 24), 0, 'LMT'),
    (3, 0, 'BAKT'),
    (5, 1, 'BAKST'),
    (4, 0, 'BAKT'),
    (4, 0, 'BAKT'),
    (5, 1, 'BAKST'),
    (4, 1, 'BAKST'),
    (3, 0, 'AZT'),
    (4, 1, 'AZST'),
    (4, 1, 'AZST'),
    (4, 0, 'AZT'),
    (5, 1, 'AZST'),
    (4, 0, 'AZT'),
    (4, 0, 'AZT'),
    (5, 1, 'AZST')
]
times = [
    ((1, 1, 2, 0, 0), 0),
    ((1924, 5, 1, 20, 40, 36), 1),
    ((1957, 2, 28, 21, 0), 3),
    ((1981, 3, 31, 20, 0), 2),
    ((1981, 9, 30, 19, 0), 3),
    ((1982, 3, 31, 20, 0), 2),
    ((1982, 9, 30, 19, 0), 3),
    ((1983, 3, 31, 20, 0), 2),
    ((1983, 9, 30, 19, 0), 3),
    ((1984, 3, 31, 20, 0), 2),
    ((1984, 9, 29, 22, 0), 4),
    ((1985, 3, 30, 22, 0), 5),
    ((1985, 9, 28, 22, 0), 4),
    ((1986, 3, 29, 22, 0), 5),
    ((1986, 9, 27, 22, 0), 4),
    ((1987, 3, 28, 22, 0), 5),
    ((1987, 9, 26, 22, 0), 4),
    ((1988, 3, 26, 22, 0), 5),
    ((1988, 9, 24, 22, 0), 4),
    ((1989, 3, 25, 22, 0), 5),
    ((1989, 9, 23, 22, 0), 4),
    ((1990, 3, 24, 22, 0), 5),
    ((1990, 9, 29, 22, 0), 4),
    ((1991, 3, 30, 22, 0), 6),
    ((1991, 8, 29, 20, 0), 9),
    ((1991, 9, 28, 23, 0), 7),
    ((1992, 3, 28, 23, 0), 8),
    ((1992, 9, 26, 23, 0), 10),
    ((1995, 12, 31, 20, 0), 13),
    ((1996, 3, 31, 1, 0), 11),
    ((1996, 10, 27, 1, 0), 12),
    ((1996, 12, 31, 20, 0), 13),
    ((1997, 3, 30, 0, 0), 14),
    ((1997, 10, 26, 0, 0), 13),
    ((1998, 3, 29, 0, 0), 14),
    ((1998, 10, 25, 0, 0), 13),
    ((1999, 3, 28, 0, 0), 14),
    ((1999, 10, 31, 0, 0), 13),
    ((2000, 3, 26, 0, 0), 14),
    ((2000, 10, 29, 0, 0), 13),
    ((2001, 3, 25, 0, 0), 14),
    ((2001, 10, 28, 0, 0), 13),
    ((2002, 3, 31, 0, 0), 14),
    ((2002, 10, 27, 0, 0), 13),
    ((2003, 3, 30, 0, 0), 14),
    ((2003, 10, 26, 0, 0), 13),
    ((2004, 3, 28, 0, 0), 14),
    ((2004, 10, 31, 0, 0), 13),
    ((2005, 3, 27, 0, 0), 14),
    ((2005, 10, 30, 0, 0), 13),
    ((2006, 3, 26, 0, 0), 14),
    ((2006, 10, 29, 0, 0), 13),
    ((2007, 3, 25, 0, 0), 14),
    ((2007, 10, 28, 0, 0), 13),
    ((2008, 3, 30, 0, 0), 14),
    ((2008, 10, 26, 0, 0), 13),
    ((2009, 3, 29, 0, 0), 14),
    ((2009, 10, 25, 0, 0), 13),
    ((2010, 3, 28, 0, 0), 14),
    ((2010, 10, 31, 0, 0), 13),
    ((2011, 3, 27, 0, 0), 14),
    ((2011, 10, 30, 0, 0), 13),
    ((2012, 3, 25, 0, 0), 14),
    ((2012, 10, 28, 0, 0), 13),
    ((2013, 3, 31, 0, 0), 14),
    ((2013, 10, 27, 0, 0), 13),
    ((2014, 3, 30, 0, 0), 14),
    ((2014, 10, 26, 0, 0), 13),
    ((2015, 3, 29, 0, 0), 14),
    ((2015, 10, 25, 0, 0), 13)
]
posix = 'AZT-4'
