types = [
    ((2, 22), 0, 'LMT'),
    (3, 1, 'EEST'),
    (2, 0, 'EET')
]
times = [
    ((1, 1, 2, 0, 0), 0),
    ((1879, 12, 31, 21, 38), 2),
    ((1920, 3, 27, 22, 0), 1),
    ((1920, 10, 24, 21, 0), 2),
    ((1921, 4, 2, 22, 0), 1),
    ((1921, 10, 2, 21, 0), 2),
    ((1922, 3, 25, 22, 0), 1),
    ((1922, 10, 7, 21, 0), 2),
    ((1923, 4, 21, 22, 0), 1),
    ((1923, 9, 15, 21, 0), 2),
    ((1957, 4, 30, 22, 0), 1),
    ((1957, 9, 30, 21, 0), 2),
    ((1958, 4, 30, 22, 0), 1),
    ((1958, 9, 30, 21, 0), 2),
    ((1959, 4, 30, 22, 0), 1),
    ((1959, 9, 30, 21, 0), 2),
    ((1960, 4, 30, 22, 0), 1),
    ((1960, 9, 30, 21, 0), 2),
    ((1961, 4, 30, 22, 0), 1),
    ((1961, 9, 30, 21, 0), 2),
    ((1972, 6, 21, 22, 0), 1),
    ((1972, 9, 30, 21, 0), 2),
    ((1973, 4, 30, 22, 0), 1),
    ((1973, 9, 30, 21, 0), 2),
    ((1974, 4, 30, 22, 0), 1),
    ((1974, 9, 30, 21, 0), 2),
    ((1975, 4, 30, 22, 0), 1),
    ((1975, 9, 30, 21, 0), 2),
    ((1976, 4, 30, 22, 0), 1),
    ((1976, 9, 30, 21, 0), 2),
    ((1977, 4, 30, 22, 0), 1),
    ((1977, 9, 30, 21, 0), 2),
    ((1978, 4, 29, 22, 0), 1),
    ((1978, 9, 29, 21, 0), 2),
    ((1984, 4, 30, 22, 0), 1),
    ((1984, 10, 15, 21, 0), 2),
    ((1985, 4, 30, 22, 0), 1),
    ((1985, 10, 15, 21, 0), 2),
    ((1986, 4, 30, 22, 0), 1),
    ((1986, 10, 15, 21, 0), 2),
    ((1987, 4, 30, 22, 0), 1),
    ((1987, 10, 15, 21, 0), 2),
    ((1988, 5, 31, 22, 0), 1),
    ((1988, 10, 15, 21, 0), 2),
    ((1989, 5, 9, 22, 0), 1),
    ((1989, 10, 15, 21, 0), 2),
    ((1990, 4, 30, 22, 0), 1),
    ((1990, 10, 15, 21, 0), 2),
    ((1991, 4, 30, 22, 0), 1),
    ((1991, 10, 15, 21, 0), 2),
    ((1992, 4, 30, 22, 0), 1),
    ((1992, 10, 3, 21, 0), 2),
    ((1993, 3, 27, 22, 0), 1),
    ((1993, 9, 25, 21, 0), 2),
    ((1994, 3, 26, 22, 0), 1),
    ((1994, 9, 24, 21, 0), 2),
    ((1995, 3, 25, 22, 0), 1),
    ((1995, 9, 23, 21, 0), 2),
    ((1996, 3, 30, 22, 0), 1),
    ((1996, 9, 28, 21, 0), 2),
    ((1997, 3, 29, 22, 0), 1),
    ((1997, 9, 27, 21, 0), 2),
    ((1998, 3, 28, 22, 0), 1),
    ((1998, 9, 26, 21, 0), 2),
    ((1999, 3, 27, 22, 0), 1),
    ((1999, 10, 30, 21, 0), 2),
    ((2000, 3, 25, 22, 0), 1),
    ((2000, 10, 28, 21, 0), 2),
    ((2001, 3, 24, 22, 0), 1),
    ((2001, 10, 27, 21, 0), 2),
    ((2002, 3, 30, 22, 0), 1),
    ((2002, 10, 26, 21, 0), 2),
    ((2003, 3, 29, 22, 0), 1),
    ((2003, 10, 25, 21, 0), 2),
    ((2004, 3, 27, 22, 0), 1),
    ((2004, 10, 30, 21, 0), 2),
    ((2005, 3, 26, 22, 0), 1),
    ((2005, 10, 29, 21, 0), 2),
    ((2006, 3, 25, 22, 0), 1),
    ((2006, 10, 28, 21, 0), 2),
    ((2007, 3, 24, 22, 0), 1),
    ((2007, 10, 27, 21, 0), 2),
    ((2008, 3, 29, 22, 0), 1),
    ((2008, 10, 25, 21, 0), 2),
    ((2009, 3, 28, 22, 0), 1),
    ((2009, 10, 24, 21, 0), 2),
    ((2010, 3, 27, 22, 0), 1),
    ((2010, 10, 30, 21, 0), 2),
    ((2011, 3, 26, 22, 0), 1),
    ((2011, 10, 29, 21, 0), 2),
    ((2012, 3, 24, 22, 0), 1),
    ((2012, 10, 27, 21, 0), 2),
    ((2013, 3, 30, 22, 0), 1),
    ((2013, 10, 26, 21, 0), 2),
    ((2014, 3, 29, 22, 0), 1),
    ((2014, 10, 25, 21, 0), 2),
    ((2015, 3, 28, 22, 0), 1),
    ((2015, 10, 24, 21, 0), 2),
    ((2016, 3, 26, 22, 0), 1),
    ((2016, 10, 29, 21, 0), 2),
    ((2017, 3, 25, 22, 0), 1),
    ((2017, 10, 28, 21, 0), 2),
    ((2018, 3, 24, 22, 0), 1),
    ((2018, 10, 27, 21, 0), 2),
    ((2019, 3, 30, 22, 0), 1),
    ((2019, 10, 26, 21, 0), 2),
    ((2020, 3, 28, 22, 0), 1),
    ((2020, 10, 24, 21, 0), 2),
    ((2021, 3, 27, 22, 0), 1),
    ((2021, 10, 30, 21, 0), 2),
    ((2022, 3, 26, 22, 0), 1),
    ((2022, 10, 29, 21, 0), 2),
    ((2023, 3, 25, 22, 0), 1),
    ((2023, 10, 28, 21, 0), 2),
    ((2024, 3, 30, 22, 0), 1),
    ((2024, 10, 26, 21, 0), 2),
    ((2025, 3, 29, 22, 0), 1),
    ((2025, 10, 25, 21, 0), 2),
    ((2026, 3, 28, 22, 0), 1),
    ((2026, 10, 24, 21, 0), 2),
    ((2027, 3, 27, 22, 0), 1),
    ((2027, 10, 30, 21, 0), 2),
    ((2028, 3, 25, 22, 0), 1),
    ((2028, 10, 28, 21, 0), 2),
    ((2029, 3, 24, 22, 0), 1),
    ((2029, 10, 27, 21, 0), 2),
    ((2030, 3, 30, 22, 0), 1),
    ((2030, 10, 26, 21, 0), 2),
    ((2031, 3, 29, 22, 0), 1),
    ((2031, 10, 25, 21, 0), 2),
    ((2032, 3, 27, 22, 0), 1),
    ((2032, 10, 30, 21, 0), 2),
    ((2033, 3, 26, 22, 0), 1),
    ((2033, 10, 29, 21, 0), 2),
    ((2034, 3, 25, 22, 0), 1),
    ((2034, 10, 28, 21, 0), 2),
    ((2035, 3, 24, 22, 0), 1),
    ((2035, 10, 27, 21, 0), 2),
    ((2036, 3, 29, 22, 0), 1),
    ((2036, 10, 25, 21, 0), 2),
    ((2037, 3, 28, 22, 0), 1),
    ((2037, 10, 24, 21, 0), 2)
]
posix = 'EET-2EEST,M3.5.0/0,M10.5.0/0'
