types = [
    ((4, 58, 24), 0, 'LMT'),
    (5, 0, 'FRUT'),
    (7, 1, 'FRUST'),
    (6, 0, 'FRUT'),
    (6, 0, 'FRUT'),
    (7, 1, 'FRUST'),
    (6, 1, 'FRUST'),
    (6, 1, 'KGST'),
    (5, 0, 'KGT'),
    (6, 1, 'KGST'),
    (6, 0, 'KGT')
]
times = [
    ((1, 1, 2, 0, 0), 0),
    ((1924, 5, 1, 19, 1, 36), 1),
    ((1930, 6, 20, 19, 0), 3),
    ((1981, 3, 31, 18, 0), 2),
    ((1981, 9, 30, 17, 0), 3),
    ((1982, 3, 31, 18, 0), 2),
    ((1982, 9, 30, 17, 0), 3),
    ((1983, 3, 31, 18, 0), 2),
    ((1983, 9, 30, 17, 0), 3),
    ((1984, 3, 31, 18, 0), 2),
    ((1984, 9, 29, 20, 0), 4),
    ((1985, 3, 30, 20, 0), 5),
    ((1985, 9, 28, 20, 0), 4),
    ((1986, 3, 29, 20, 0), 5),
    ((1986, 9, 27, 20, 0), 4),
    ((1987, 3, 28, 20, 0), 5),
    ((1987, 9, 26, 20, 0), 4),
    ((1988, 3, 26, 20, 0), 5),
    ((1988, 9, 24, 20, 0), 4),
    ((1989, 3, 25, 20, 0), 5),
    ((1989, 9, 23, 20, 0), 4),
    ((1990, 3, 24, 20, 0), 5),
    ((1990, 9, 29, 20, 0), 4),
    ((1991, 3, 30, 20, 0), 6),
    ((1991, 8, 30, 20, 0), 8),
    ((1992, 4, 11, 19, 0), 7),
    ((1992, 9, 26, 18, 0), 8),
    ((1993, 4, 10, 19, 0), 7),
    ((1993, 9, 25, 18, 0), 8),
    ((1994, 4, 9, 19, 0), 7),
    ((1994, 9, 24, 18, 0), 8),
    ((1995, 4, 8, 19, 0), 7),
    ((1995, 9, 23, 18, 0), 8),
    ((1996, 4, 6, 19, 0), 7),
    ((1996, 9, 28, 18, 0), 8),
    ((1997, 3, 29, 21, 30), 9),
    ((1997, 10, 25, 20, 30), 8),
    ((1998, 3, 28, 21, 30), 9),
    ((1998, 10, 24, 20, 30), 8),
    ((1999, 3, 27, 21, 30), 9),
    ((1999, 10, 30, 20, 30), 8),
    ((2000, 3, 25, 21, 30), 9),
    ((2000, 10, 28, 20, 30), 8),
    ((2001, 3, 24, 21, 30), 9),
    ((2001, 10, 27, 20, 30), 8),
    ((2002, 3, 30, 21, 30), 9),
    ((2002, 10, 26, 20, 30), 8),
    ((2003, 3, 29, 21, 30), 9),
    ((2003, 10, 25, 20, 30), 8),
    ((2004, 3, 27, 21, 30), 9),
    ((2004, 10, 30, 20, 30), 8),
    ((2005, 3, 26, 21, 30), 9),
    ((2005, 8, 11, 18, 0), 10)
]
posix = 'KGT-6'
