types = [
    ((7, 38), 0, 'LMT'),
    (7, 0, 'ULAT'),
    (8, 0, 'ULAT'),
    (9, 0, 'CHOT'),
    (10, 1, 'CHOST'),
    (9, 1, 'CHOST'),
    (8, 0, 'CHOT')
]
times = [
    ((1, 1, 2, 0, 0), 0),
    ((1905, 7, 31, 16, 22), 1),
    ((1977, 12, 31, 17, 0), 2),
    ((1983, 3, 31, 16, 0), 4),
    ((1983, 9, 30, 14, 0), 3),
    ((1984, 3, 31, 15, 0), 4),
    ((1984, 9, 29, 14, 0), 3),
    ((1985, 3, 30, 15, 0), 4),
    ((1985, 9, 28, 14, 0), 3),
    ((1986, 3, 29, 15, 0), 4),
    ((1986, 9, 27, 14, 0), 3),
    ((1987, 3, 28, 15, 0), 4),
    ((1987, 9, 26, 14, 0), 3),
    ((1988, 3, 26, 15, 0), 4),
    ((1988, 9, 24, 14, 0), 3),
    ((1989, 3, 25, 15, 0), 4),
    ((1989, 9, 23, 14, 0), 3),
    ((1990, 3, 24, 15, 0), 4),
    ((1990, 9, 29, 14, 0), 3),
    ((1991, 3, 30, 15, 0), 4),
    ((1991, 9, 28, 14, 0), 3),
    ((1992, 3, 28, 15, 0), 4),
    ((1992, 9, 26, 14, 0), 3),
    ((1993, 3, 27, 15, 0), 4),
    ((1993, 9, 25, 14, 0), 3),
    ((1994, 3, 26, 15, 0), 4),
    ((1994, 9, 24, 14, 0), 3),
    ((1995, 3, 25, 15, 0), 4),
    ((1995, 9, 23, 14, 0), 3),
    ((1996, 3, 30, 15, 0), 4),
    ((1996, 9, 28, 14, 0), 3),
    ((1997, 3, 29, 15, 0), 4),
    ((1997, 9, 27, 14, 0), 3),
    ((1998, 3, 28, 15, 0), 4),
    ((1998, 9, 26, 14, 0), 3),
    ((2001, 4, 27, 17, 0), 4),
    ((2001, 9, 28, 16, 0), 3),
    ((2002, 3, 29, 17, 0), 4),
    ((2002, 9, 27, 16, 0), 3),
    ((2003, 3, 28, 17, 0), 4),
    ((2003, 9, 26, 16, 0), 3),
    ((2004, 3, 26, 17, 0), 4),
    ((2004, 9, 24, 16, 0), 3),
    ((2005, 3, 25, 17, 0), 4),
    ((2005, 9, 23, 16, 0), 3),
    ((2006, 3, 24, 17, 0), 4),
    ((2006, 9, 29, 16, 0), 3),
    ((2008, 3, 30, 15, 0), 6),
    ((2015, 3, 27, 18, 0), 5),
    ((2015, 9, 25, 15, 0), 6),
    ((2016, 3, 25, 18, 0), 5),
    ((2016, 9, 23, 15, 0), 6),
    ((2017, 3, 24, 18, 0), 5),
    ((2017, 9, 29, 15, 0), 6),
    ((2018, 3, 30, 18, 0), 5),
    ((2018, 9, 28, 15, 0), 6),
    ((2019, 3, 29, 18, 0), 5),
    ((2019, 9, 27, 15, 0), 6),
    ((2020, 3, 27, 18, 0), 5),
    ((2020, 9, 25, 15, 0), 6),
    ((2021, 3, 26, 18, 0), 5),
    ((2021, 9, 24, 15, 0), 6),
    ((2022, 3, 25, 18, 0), 5),
    ((2022, 9, 23, 15, 0), 6),
    ((2023, 3, 24, 18, 0), 5),
    ((2023, 9, 29, 15, 0), 6),
    ((2024, 3, 29, 18, 0), 5),
    ((2024, 9, 27, 15, 0), 6),
    ((2025, 3, 28, 18, 0), 5),
    ((2025, 9, 26, 15, 0), 6),
    ((2026, 3, 27, 18, 0), 5),
    ((2026, 9, 25, 15, 0), 6),
    ((2027, 3, 26, 18, 0), 5),
    ((2027, 9, 24, 15, 0), 6),
    ((2028, 3, 24, 18, 0), 5),
    ((2028, 9, 29, 15, 0), 6),
    ((2029, 3, 30, 18, 0), 5),
    ((2029, 9, 28, 15, 0), 6),
    ((2030, 3, 29, 18, 0), 5),
    ((2030, 9, 27, 15, 0), 6),
    ((2031, 3, 28, 18, 0), 5),
    ((2031, 9, 26, 15, 0), 6),
    ((2032, 3, 26, 18, 0), 5),
    ((2032, 9, 24, 15, 0), 6),
    ((2033, 3, 25, 18, 0), 5),
    ((2033, 9, 23, 15, 0), 6),
    ((2034, 3, 24, 18, 0), 5),
    ((2034, 9, 29, 15, 0), 6),
    ((2035, 3, 30, 18, 0), 5),
    ((2035, 9, 28, 15, 0), 6),
    ((2036, 3, 28, 18, 0), 5),
    ((2036, 9, 26, 15, 0), 6),
    ((2037, 3, 27, 18, 0), 5),
    ((2037, 9, 25, 15, 0), 6)
]
posix = 'CHOT-8CHOST,M3.5.6,M9.5.6/0'
