types = [
    ((5, 19, 24), 0, 'LMT'),
    ((5, 19, 32), 0, 'MMT'),
    ((5, 30), 0, 'IST'),
    (6, (0, 30), 'IHST'),
    ((6, 30), 1, 'IST'),
    ((6, 30), 0, 'LKT'),
    (6, 0, 'LKT'),
    ((5, 30), 0, 'IST')
]
times = [
    ((1, 1, 2, 0, 0), 0),
    ((1879, 12, 31, 18, 40, 36), 1),
    ((1905, 12, 31, 18, 40, 28), 2),
    ((1942, 1, 4, 18, 30), 3),
    ((1942, 8, 31, 18, 0), 4),
    ((1945, 10, 15, 19, 30), 2),
    ((1996, 5, 24, 18, 30), 5),
    ((1996, 10, 25, 18, 0), 6),
    ((2006, 4, 14, 18, 30), 2)
]
posix = 'IST-5:30'
