types = [
    ((4, 35, 12), 0, 'LMT'),
    (5, 0, 'DUST'),
    (7, 1, 'DUSST'),
    (6, 0, 'DUST'),
    (6, 0, 'DUST'),
    (7, 1, 'DUSST'),
    (6, 1, 'DUSST'),
    (5, 0, 'TJT')
]
times = [
    ((1, 1, 2, 0, 0), 0),
    ((1924, 5, 1, 19, 24, 48), 1),
    ((1930, 6, 20, 19, 0), 3),
    ((1981, 3, 31, 18, 0), 2),
    ((1981, 9, 30, 17, 0), 3),
    ((1982, 3, 31, 18, 0), 2),
    ((1982, 9, 30, 17, 0), 3),
    ((1983, 3, 31, 18, 0), 2),
    ((1983, 9, 30, 17, 0), 3),
    ((1984, 3, 31, 18, 0), 2),
    ((1984, 9, 29, 20, 0), 4),
    ((1985, 3, 30, 20, 0), 5),
    ((1985, 9, 28, 20, 0), 4),
    ((1986, 3, 29, 20, 0), 5),
    ((1986, 9, 27, 20, 0), 4),
    ((1987, 3, 28, 20, 0), 5),
    ((1987, 9, 26, 20, 0), 4),
    ((1988, 3, 26, 20, 0), 5),
    ((1988, 9, 24, 20, 0), 4),
    ((1989, 3, 25, 20, 0), 5),
    ((1989, 9, 23, 20, 0), 4),
    ((1990, 3, 24, 20, 0), 5),
    ((1990, 9, 29, 20, 0), 4),
    ((1991, 3, 30, 20, 0), 6),
    ((1991, 9, 8, 21, 0), 7)
]
posix = 'TJT-5'
