types = [
    ((6, 57, 5), 0, 'LMT'),
    ((6, 57, 5), 0, 'IMT'),
    (7, 0, 'IRKT'),
    (9, 1, 'IRKST'),
    (8, 0, 'IRKT'),
    (8, 0, 'IRKT'),
    (9, 1, 'IRKST'),
    (8, 1, 'IRKST'),
    (7, 0, 'IRKT'),
    (9, 0, 'IRKT'),
    (9, 1, 'IRKST'),
    (8, 0, 'IRKT')
]
times = [
    ((1, 1, 2, 0, 0), 0),
    ((1879, 12, 31, 17, 2, 55), 1),
    ((1920, 1, 24, 17, 2, 55), 2),
    ((1930, 6, 20, 17, 0), 4),
    ((1981, 3, 31, 16, 0), 3),
    ((1981, 9, 30, 15, 0), 4),
    ((1982, 3, 31, 16, 0), 3),
    ((1982, 9, 30, 15, 0), 4),
    ((1983, 3, 31, 16, 0), 3),
    ((1983, 9, 30, 15, 0), 4),
    ((1984, 3, 31, 16, 0), 3),
    ((1984, 9, 29, 18, 0), 5),
    ((1985, 3, 30, 18, 0), 6),
    ((1985, 9, 28, 18, 0), 5),
    ((1986, 3, 29, 18, 0), 6),
    ((1986, 9, 27, 18, 0), 5),
    ((1987, 3, 28, 18, 0), 6),
    ((1987, 9, 26, 18, 0), 5),
    ((1988, 3, 26, 18, 0), 6),
    ((1988, 9, 24, 18, 0), 5),
    ((1989, 3, 25, 18, 0), 6),
    ((1989, 9, 23, 18, 0), 5),
    ((1990, 3, 24, 18, 0), 6),
    ((1990, 9, 29, 18, 0), 5),
    ((1991, 3, 30, 18, 0), 7),
    ((1991, 9, 28, 19, 0), 8),
    ((1992, 1, 18, 19, 0), 5),
    ((1992, 3, 28, 18, 0), 6),
    ((1992, 9, 26, 18, 0), 5),
    ((1993, 3, 27, 18, 0), 6),
    ((1993, 9, 25, 18, 0), 5),
    ((1994, 3, 26, 18, 0), 6),
    ((1994, 9, 24, 18, 0), 5),
    ((1995, 3, 25, 18, 0), 6),
    ((1995, 9, 23, 18, 0), 5),
    ((1996, 3, 30, 18, 0), 6),
    ((1996, 10, 26, 18, 0), 5),
    ((1997, 3, 29, 18, 0), 6),
    ((1997, 10, 25, 18, 0), 5),
    ((1998, 3, 28, 18, 0), 6),
    ((1998, 10, 24, 18, 0), 5),
    ((1999, 3, 27, 18, 0), 6),
    ((1999, 10, 30, 18, 0), 5),
    ((2000, 3, 25, 18, 0), 6),
    ((2000, 10, 28, 18, 0), 5),
    ((2001, 3, 24, 18, 0), 6),
    ((2001, 10, 27, 18, 0), 5),
    ((2002, 3, 30, 18, 0), 6),
    ((2002, 10, 26, 18, 0), 5),
    ((2003, 3, 29, 18, 0), 6),
    ((2003, 10, 25, 18, 0), 5),
    ((2004, 3, 27, 18, 0), 6),
    ((2004, 10, 30, 18, 0), 5),
    ((2005, 3, 26, 18, 0), 6),
    ((2005, 10, 29, 18, 0), 5),
    ((2006, 3, 25, 18, 0), 6),
    ((2006, 10, 28, 18, 0), 5),
    ((2007, 3, 24, 18, 0), 6),
    ((2007, 10, 27, 18, 0), 5),
    ((2008, 3, 29, 18, 0), 6),
    ((2008, 10, 25, 18, 0), 5),
    ((2009, 3, 28, 18, 0), 6),
    ((2009, 10, 24, 18, 0), 5),
    ((2010, 3, 27, 18, 0), 6),
    ((2010, 10, 30, 18, 0), 5),
    ((2011, 3, 26, 18, 0), 9),
    ((2014, 10, 25, 17, 0), 5)
]
posix = 'IRKT-8'
