types = [
    ((2, 20, 54), 0, 'LMT'),
    ((2, 20, 40), 0, 'JMT'),
    (3, 1, 'IDT'),
    (2, 0, 'IST'),
    (4, 1, 'IDDT'),
    (3, 1, 'IDT')
]
times = [
    ((1, 1, 2, 0, 0), 0),
    ((1879, 12, 31, 21, 39, 6), 1),
    ((1917, 12, 31, 21, 39, 20), 3),
    ((1940, 5, 31, 22, 0), 2),
    ((1942, 10, 31, 21, 0), 3),
    ((1943, 4, 1, 0, 0), 2),
    ((1943, 10, 31, 21, 0), 3),
    ((1944, 3, 31, 22, 0), 2),
    ((1944, 10, 31, 21, 0), 3),
    ((1945, 4, 15, 22, 0), 2),
    ((1945, 10, 31, 23, 0), 3),
    ((1946, 4, 16, 0, 0), 2),
    ((1946, 10, 31, 21, 0), 3),
    ((1948, 5, 22, 22, 0), 4),
    ((1948, 8, 31, 20, 0), 2),
    ((1948, 10, 31, 23, 0), 3),
    ((1949, 4, 30, 22, 0), 2),
    ((1949, 10, 31, 23, 0), 3),
    ((1950, 4, 15, 22, 0), 2),
    ((1950, 9, 15, 0, 0), 3),
    ((1951, 3, 31, 22, 0), 2),
    ((1951, 11, 11, 0, 0), 3),
    ((1952, 4, 20, 0, 0), 2),
    ((1952, 10, 19, 0, 0), 3),
    ((1953, 4, 12, 0, 0), 2),
    ((1953, 9, 13, 0, 0), 3),
    ((1954, 6, 12, 22, 0), 2),
    ((1954, 9, 11, 21, 0), 3),
    ((1955, 6, 11, 0, 0), 2),
    ((1955, 9, 10, 21, 0), 3),
    ((1956, 6, 2, 22, 0), 2),
    ((1956, 9, 30, 0, 0), 3),
    ((1957, 4, 29, 0, 0), 2),
    ((1957, 9, 21, 21, 0), 3),
    ((1974, 7, 6, 22, 0), 2),
    ((1974, 10, 12, 21, 0), 3),
    ((1975, 4, 19, 22, 0), 2),
    ((1975, 8, 30, 21, 0), 3),
    ((1985, 4, 13, 22, 0), 2),
    ((1985, 9, 14, 21, 0), 3),
    ((1986, 5, 17, 22, 0), 2),
    ((1986, 9, 6, 21, 0), 3),
    ((1987, 4, 14, 22, 0), 2),
    ((1987, 9, 12, 21, 0), 3),
    ((1988, 4, 9, 22, 0), 2),
    ((1988, 9, 3, 21, 0), 3),
    ((1989, 4, 29, 22, 0), 2),
    ((1989, 9, 2, 21, 0), 3),
    ((1990, 3, 24, 22, 0), 2),
    ((1990, 8, 25, 21, 0), 3),
    ((1991, 3, 23, 22, 0), 2),
    ((1991, 8, 31, 21, 0), 3),
    ((1992, 3, 28, 22, 0), 2),
    ((1992, 9, 5, 21, 0), 3),
    ((1993, 4, 1, 22, 0), 2),
    ((1993, 9, 4, 21, 0), 3),
    ((1994, 3, 31, 22, 0), 2),
    ((1994, 8, 27, 21, 0), 3),
    ((1995, 3, 30, 22, 0), 2),
    ((1995, 9, 2, 21, 0), 3),
    ((1996, 3, 14, 22, 0), 2),
    ((1996, 9, 15, 21, 0), 3),
    ((1997, 3, 20, 22, 0), 2),
    ((1997, 9, 13, 21, 0), 3),
    ((1998, 3, 19, 22, 0), 2),
    ((1998, 9, 5, 21, 0), 3),
    ((1999, 4, 2, 0, 0), 2),
    ((1999, 9, 2, 23, 0), 3),
    ((2000, 4, 14, 0, 0), 2),
    ((2000, 10, 5, 22, 0), 3),
    ((2001, 4, 8, 23, 0), 2),
    ((2001, 9, 23, 22, 0), 3),
    ((2002, 3, 28, 23, 0), 2),
    ((2002, 10, 6, 22, 0), 3),
    ((2003, 3, 27, 23, 0), 2),
    ((2003, 10, 2, 22, 0), 3),
    ((2004, 4, 6, 23, 0), 2),
    ((2004, 9, 21, 22, 0), 3),
    ((2005, 4, 1, 0, 0), 2),
    ((2005, 10, 8, 23, 0), 3),
    ((2006, 3, 31, 0, 0), 2),
    ((2006, 9, 30, 23, 0), 3),
    ((2007, 3, 30, 0, 0), 2),
    ((2007, 9, 15, 23, 0), 3),
    ((2008, 3, 28, 0, 0), 2),
    ((2008, 10, 4, 23, 0), 3),
    ((2009, 3, 27, 0, 0), 2),
    ((2009, 9, 26, 23, 0), 3),
    ((2010, 3, 26, 0, 0), 2),
    ((2010, 9, 11, 23, 0), 3),
    ((2011, 4, 1, 0, 0), 2),
    ((2011, 10, 1, 23, 0), 3),
    ((2012, 3, 30, 0, 0), 2),
    ((2012, 9, 22, 23, 0), 3),
    ((2013, 3, 29, 0, 0), 2),
    ((2013, 10, 26, 23, 0), 3),
    ((2014, 3, 28, 0, 0), 2),
    ((2014, 10, 25, 23, 0), 3),
    ((2015, 3, 27, 0, 0), 2),
    ((2015, 10, 24, 23, 0), 3),
    ((2016, 3, 25, 0, 0), 2),
    ((2016, 10, 29, 23, 0), 3),
    ((2017, 3, 24, 0, 0), 2),
    ((2017, 10, 28, 23, 0), 3),
    ((2018, 3, 23, 0, 0), 2),
    ((2018, 10, 27, 23, 0), 3),
    ((2019, 3, 29, 0, 0), 2),
    ((2019, 10, 26, 23, 0), 3),
    ((2020, 3, 27, 0, 0), 2),
    ((2020, 10, 24, 23, 0), 3),
    ((2021, 3, 26, 0, 0), 2),
    ((2021, 10, 30, 23, 0), 3),
    ((2022, 3, 25, 0, 0), 2),
    ((2022, 10, 29, 23, 0), 3),
    ((2023, 3, 24, 0, 0), 2),
    ((2023, 10, 28, 23, 0), 3),
    ((2024, 3, 29, 0, 0), 2),
    ((2024, 10, 26, 23, 0), 3),
    ((2025, 3, 28, 0, 0), 2),
    ((2025, 10, 25, 23, 0), 3),
    ((2026, 3, 27, 0, 0), 2),
    ((2026, 10, 24, 23, 0), 3),
    ((2027, 3, 26, 0, 0), 2),
    ((2027, 10, 30, 23, 0), 3),
    ((2028, 3, 24, 0, 0), 2),
    ((2028, 10, 28, 23, 0), 3),
    ((2029, 3, 23, 0, 0), 2),
    ((2029, 10, 27, 23, 0), 3),
    ((2030, 3, 29, 0, 0), 2),
    ((2030, 10, 26, 23, 0), 3),
    ((2031, 3, 28, 0, 0), 2),
    ((2031, 10, 25, 23, 0), 3),
    ((2032, 3, 26, 0, 0), 2),
    ((2032, 10, 30, 23, 0), 3),
    ((2033, 3, 25, 0, 0), 2),
    ((2033, 10, 29, 23, 0), 3),
    ((2034, 3, 24, 0, 0), 2),
    ((2034, 10, 28, 23, 0), 3),
    ((2035, 3, 23, 0, 0), 2),
    ((2035, 10, 27, 23, 0), 3),
    ((2036, 3, 28, 0, 0), 2),
    ((2036, 10, 25, 23, 0), 3),
    ((2037, 3, 27, 0, 0), 2),
    ((2037, 10, 24, 23, 0), 3)
]
posix = 'IST-2IDT,M3.4.4/26,M10.5.0'
