types = [
    ((4, 28, 12), 0, 'LMT'),
    ((5, 30), 0, 'IST'),
    ((6, 30), 1, 'IST'),
    (5, 0, 'KART'),
    (6, 1, 'PKST'),
    (5, 0, 'PKT')
]
times = [
    ((1, 1, 2, 0, 0), 0),
    ((1906, 12, 31, 19, 31, 48), 1),
    ((1942, 8, 31, 18, 30), 2),
    ((1945, 10, 14, 17, 30), 1),
    ((1951, 9, 29, 18, 30), 3),
    ((1971, 3, 25, 19, 0), 5),
    ((2002, 4, 6, 19, 0), 4),
    ((2002, 10, 5, 18, 0), 5),
    ((2008, 5, 31, 19, 0), 4),
    ((2008, 10, 31, 18, 0), 5),
    ((2009, 4, 14, 19, 0), 4),
    ((2009, 10, 31, 18, 0), 5)
]
posix = 'PKT-5'
