types = [
    ((9, 2, 13), 0, 'LMT'),
    (8, 0, 'YAKT'),
    (10, 1, 'YAKST'),
    (9, 0, 'YAKT'),
    (9, 0, 'YAKT'),
    (10, 1, 'YAKST'),
    (9, 1, 'YAKST'),
    (8, 0, 'YAKT'),
    (11, 1, 'VLAST'),
    (10, 0, 'VLAT'),
    (10, 0, 'VLAT'),
    (11, 0, 'VLAT'),
    (10, 0, 'YAKT'),
    (9, 0, 'YAKT')
]
times = [
    ((1, 1, 2, 0, 0), 0),
    ((1919, 12, 14, 14, 57, 47), 1),
    ((1930, 6, 20, 16, 0), 3),
    ((1981, 3, 31, 15, 0), 2),
    ((1981, 9, 30, 14, 0), 3),
    ((1982, 3, 31, 15, 0), 2),
    ((1982, 9, 30, 14, 0), 3),
    ((1983, 3, 31, 15, 0), 2),
    ((1983, 9, 30, 14, 0), 3),
    ((1984, 3, 31, 15, 0), 2),
    ((1984, 9, 29, 17, 0), 4),
    ((1985, 3, 30, 17, 0), 5),
    ((1985, 9, 28, 17, 0), 4),
    ((1986, 3, 29, 17, 0), 5),
    ((1986, 9, 27, 17, 0), 4),
    ((1987, 3, 28, 17, 0), 5),
    ((1987, 9, 26, 17, 0), 4),
    ((1988, 3, 26, 17, 0), 5),
    ((1988, 9, 24, 17, 0), 4),
    ((1989, 3, 25, 17, 0), 5),
    ((1989, 9, 23, 17, 0), 4),
    ((1990, 3, 24, 17, 0), 5),
    ((1990, 9, 29, 17, 0), 4),
    ((1991, 3, 30, 17, 0), 6),
    ((1991, 9, 28, 18, 0), 7),
    ((1992, 1, 18, 18, 0), 4),
    ((1992, 3, 28, 17, 0), 5),
    ((1992, 9, 26, 17, 0), 4),
    ((1993, 3, 27, 17, 0), 5),
    ((1993, 9, 25, 17, 0), 4),
    ((1994, 3, 26, 17, 0), 5),
    ((1994, 9, 24, 17, 0), 4),
    ((1995, 3, 25, 17, 0), 5),
    ((1995, 9, 23, 17, 0), 4),
    ((1996, 3, 30, 17, 0), 5),
    ((1996, 10, 26, 17, 0), 4),
    ((1997, 3, 29, 17, 0), 5),
    ((1997, 10, 25, 17, 0), 4),
    ((1998, 3, 28, 17, 0), 5),
    ((1998, 10, 24, 17, 0), 4),
    ((1999, 3, 27, 17, 0), 5),
    ((1999, 10, 30, 17, 0), 4),
    ((2000, 3, 25, 17, 0), 5),
    ((2000, 10, 28, 17, 0), 4),
    ((2001, 3, 24, 17, 0), 5),
    ((2001, 10, 27, 17, 0), 4),
    ((2002, 3, 30, 17, 0), 5),
    ((2002, 10, 26, 17, 0), 4),
    ((2003, 3, 29, 17, 0), 5),
    ((2003, 10, 25, 17, 0), 4),
    ((2003, 12, 31, 15, 0), 10),
    ((2004, 3, 27, 16, 0), 8),
    ((2004, 10, 30, 16, 0), 9),
    ((2005, 3, 26, 16, 0), 8),
    ((2005, 10, 29, 16, 0), 9),
    ((2006, 3, 25, 16, 0), 8),
    ((2006, 10, 28, 16, 0), 9),
    ((2007, 3, 24, 16, 0), 8),
    ((2007, 10, 27, 16, 0), 9),
    ((2008, 3, 29, 16, 0), 8),
    ((2008, 10, 25, 16, 0), 9),
    ((2009, 3, 28, 16, 0), 8),
    ((2009, 10, 24, 16, 0), 9),
    ((2010, 3, 27, 16, 0), 8),
    ((2010, 10, 30, 16, 0), 9),
    ((2011, 3, 26, 16, 0), 11),
    ((2011, 9, 12, 13, 0), 12),
    ((2014, 10, 25, 16, 0), 4)
]
posix = 'YAKT-9'
