types = [
    ((6, 46, 46), 0, 'LMT'),
    ((6, 55, 25), 0, 'SMT'),
    (7, 0, 'MALT'),
    ((7, 20), (0, 20), 'MALST'),
    ((7, 20), 0, 'MALT'),
    ((7, 30), 0, 'MALT'),
    (9, 0, 'JST'),
    (8, 0, 'MYT')
]
times = [
    ((1, 1, 2, 0, 0), 0),
    ((1900, 12, 31, 17, 13, 14), 1),
    ((1905, 5, 31, 17, 4, 35), 2),
    ((1932, 12, 31, 17, 0), 3),
    ((1935, 12, 31, 16, 40), 4),
    ((1941, 8, 31, 16, 40), 5),
    ((1942, 2, 15, 16, 30), 6),
    ((1945, 9, 11, 15, 0), 5),
    ((1981, 12, 31, 16, 30), 7)
]
posix = 'MYT-8'
