types = [
    ((7, 21, 20), 0, 'LMT'),
    ((7, 30), 0, 'BORT'),
    ((8, 20), 1, 'BORTST'),
    (8, 0, 'BORT'),
    (9, 0, 'JST'),
    (8, 0, 'MYT')
]
times = [
    ((1, 1, 2, 0, 0), 0),
    ((1926, 2, 28, 16, 38, 40), 1),
    ((1932, 12, 31, 16, 30), 3),
    ((1935, 9, 13, 16, 0), 2),
    ((1935, 12, 13, 15, 40), 3),
    ((1936, 9, 13, 16, 0), 2),
    ((1936, 12, 13, 15, 40), 3),
    ((1937, 9, 13, 16, 0), 2),
    ((1937, 12, 13, 15, 40), 3),
    ((1938, 9, 13, 16, 0), 2),
    ((1938, 12, 13, 15, 40), 3),
    ((1939, 9, 13, 16, 0), 2),
    ((1939, 12, 13, 15, 40), 3),
    ((1940, 9, 13, 16, 0), 2),
    ((1940, 12, 13, 15, 40), 3),
    ((1941, 9, 13, 16, 0), 2),
    ((1941, 12, 13, 15, 40), 3),
    ((1942, 2, 15, 16, 0), 4),
    ((1945, 9, 11, 15, 0), 3),
    ((1981, 12, 31, 16, 0), 5)
]
posix = 'MYT-8'
