types = [
    ((7, 34, 20), 0, 'LMT'),
    (9, 1, 'MOST'),
    (8, 0, 'MOT'),
    (8, 0, 'CST')
]
times = [
    ((1, 1, 2, 0, 0), 0),
    ((1911, 12, 31, 16, 25, 40), 2),
    ((1961, 3, 18, 19, 30), 1),
    ((1961, 11, 4, 18, 30), 2),
    ((1962, 3, 17, 19, 30), 1),
    ((1962, 11, 3, 18, 30), 2),
    ((1963, 3, 16, 16, 0), 1),
    ((1963, 11, 2, 18, 30), 2),
    ((1964, 3, 21, 19, 30), 1),
    ((1964, 10, 31, 18, 30), 2),
    ((1965, 3, 20, 16, 0), 1),
    ((1965, 10, 30, 15, 0), 2),
    ((1966, 4, 16, 19, 30), 1),
    ((1966, 10, 15, 18, 30), 2),
    ((1967, 4, 15, 19, 30), 1),
    ((1967, 10, 21, 18, 30), 2),
    ((1968, 4, 20, 19, 30), 1),
    ((1968, 10, 19, 18, 30), 2),
    ((1969, 4, 19, 19, 30), 1),
    ((1969, 10, 18, 18, 30), 2),
    ((1970, 4, 18, 19, 30), 1),
    ((1970, 10, 17, 18, 30), 2),
    ((1971, 4, 17, 19, 30), 1),
    ((1971, 10, 16, 18, 30), 2),
    ((1972, 4, 15, 16, 0), 1),
    ((1972, 10, 14, 15, 0), 2),
    ((1973, 4, 14, 16, 0), 1),
    ((1973, 10, 20, 15, 0), 2),
    ((1974, 4, 20, 16, 0), 1),
    ((1974, 10, 19, 18, 30), 2),
    ((1975, 4, 19, 19, 30), 1),
    ((1975, 10, 18, 18, 30), 2),
    ((1976, 4, 17, 19, 30), 1),
    ((1976, 10, 16, 18, 30), 2),
    ((1977, 4, 16, 19, 30), 1),
    ((1977, 10, 15, 18, 30), 2),
    ((1978, 4, 15, 16, 0), 1),
    ((1978, 10, 14, 15, 0), 2),
    ((1979, 4, 14, 16, 0), 1),
    ((1979, 10, 20, 15, 0), 2),
    ((1980, 4, 19, 16, 0), 1),
    ((1980, 10, 18, 15, 0), 2),
    ((1999, 12, 19, 16, 0), 3)
]
posix = 'CST-8'
