types = [
    ((10, 3, 12), 0, 'LMT'),
    (10, 0, 'MAGT'),
    (12, 1, 'MAGST'),
    (11, 0, 'MAGT'),
    (11, 0, 'MAGT'),
    (12, 1, 'MAGST'),
    (11, 1, 'MAGST'),
    (10, 0, 'MAGT'),
    (12, 0, 'MAGT'),
    (12, 1, 'MAGST'),
    (11, 0, 'MAGT')
]
times = [
    ((1, 1, 2, 0, 0), 0),
    ((1924, 5, 1, 13, 56, 48), 1),
    ((1930, 6, 20, 14, 0), 3),
    ((1981, 3, 31, 13, 0), 2),
    ((1981, 9, 30, 12, 0), 3),
    ((1982, 3, 31, 13, 0), 2),
    ((1982, 9, 30, 12, 0), 3),
    ((1983, 3, 31, 13, 0), 2),
    ((1983, 9, 30, 12, 0), 3),
    ((1984, 3, 31, 13, 0), 2),
    ((1984, 9, 29, 15, 0), 4),
    ((1985, 3, 30, 15, 0), 5),
    ((1985, 9, 28, 15, 0), 4),
    ((1986, 3, 29, 15, 0), 5),
    ((1986, 9, 27, 15, 0), 4),
    ((1987, 3, 28, 15, 0), 5),
    ((1987, 9, 26, 15, 0), 4),
    ((1988, 3, 26, 15, 0), 5),
    ((1988, 9, 24, 15, 0), 4),
    ((1989, 3, 25, 15, 0), 5),
    ((1989, 9, 23, 15, 0), 4),
    ((1990, 3, 24, 15, 0), 5),
    ((1990, 9, 29, 15, 0), 4),
    ((1991, 3, 30, 15, 0), 6),
    ((1991, 9, 28, 16, 0), 7),
    ((1992, 1, 18, 16, 0), 4),
    ((1992, 3, 28, 15, 0), 5),
    ((1992, 9, 26, 15, 0), 4),
    ((1993, 3, 27, 15, 0), 5),
    ((1993, 9, 25, 15, 0), 4),
    ((1994, 3, 26, 15, 0), 5),
    ((1994, 9, 24, 15, 0), 4),
    ((1995, 3, 25, 15, 0), 5),
    ((1995, 9, 23, 15, 0), 4),
    ((1996, 3, 30, 15, 0), 5),
    ((1996, 10, 26, 15, 0), 4),
    ((1997, 3, 29, 15, 0), 5),
    ((1997, 10, 25, 15, 0), 4),
    ((1998, 3, 28, 15, 0), 5),
    ((1998, 10, 24, 15, 0), 4),
    ((1999, 3, 27, 15, 0), 5),
    ((1999, 10, 30, 15, 0), 4),
    ((2000, 3, 25, 15, 0), 5),
    ((2000, 10, 28, 15, 0), 4),
    ((2001, 3, 24, 15, 0), 5),
    ((2001, 10, 27, 15, 0), 4),
    ((2002, 3, 30, 15, 0), 5),
    ((2002, 10, 26, 15, 0), 4),
    ((2003, 3, 29, 15, 0), 5),
    ((2003, 10, 25, 15, 0), 4),
    ((2004, 3, 27, 15, 0), 5),
    ((2004, 10, 30, 15, 0), 4),
    ((2005, 3, 26, 15, 0), 5),
    ((2005, 10, 29, 15, 0), 4),
    ((2006, 3, 25, 15, 0), 5),
    ((2006, 10, 28, 15, 0), 4),
    ((2007, 3, 24, 15, 0), 5),
    ((2007, 10, 27, 15, 0), 4),
    ((2008, 3, 29, 15, 0), 5),
    ((2008, 10, 25, 15, 0), 4),
    ((2009, 3, 28, 15, 0), 5),
    ((2009, 10, 24, 15, 0), 4),
    ((2010, 3, 27, 15, 0), 5),
    ((2010, 10, 30, 15, 0), 4),
    ((2011, 3, 26, 15, 0), 8),
    ((2014, 10, 25, 14, 0), 7),
    ((2016, 4, 23, 16, 0), 4)
]
posix = 'MAGT-11'
