types = [
    ((2, 13, 28), 0, 'LMT'),
    (3, 1, 'EEST'),
    (2, 0, 'EET'),
    (2, 0, 'EET'),
    (3, 1, 'EEST')
]
times = [
    ((1, 1, 2, 0, 0), 0),
    ((1921, 11, 13, 21, 46, 32), 2),
    ((1975, 4, 12, 22, 0), 1),
    ((1975, 10, 11, 21, 0), 2),
    ((1976, 5, 14, 22, 0), 1),
    ((1976, 10, 10, 21, 0), 2),
    ((1977, 4, 2, 22, 0), 1),
    ((1977, 9, 24, 21, 0), 2),
    ((1978, 4, 1, 22, 0), 1),
    ((1978, 10, 1, 21, 0), 2),
    ((1979, 3, 31, 22, 0), 1),
    ((1979, 9, 29, 21, 0), 2),
    ((1980, 4, 5, 22, 0), 1),
    ((1980, 9, 27, 21, 0), 2),
    ((1981, 3, 28, 22, 0), 1),
    ((1981, 9, 26, 21, 0), 2),
    ((1982, 3, 27, 22, 0), 1),
    ((1982, 9, 25, 21, 0), 2),
    ((1983, 3, 26, 22, 0), 1),
    ((1983, 9, 24, 21, 0), 2),
    ((1984, 3, 24, 22, 0), 1),
    ((1984, 9, 29, 21, 0), 2),
    ((1985, 3, 30, 22, 0), 1),
    ((1985, 9, 28, 21, 0), 2),
    ((1986, 3, 29, 22, 0), 1),
    ((1986, 9, 27, 21, 0), 2),
    ((1987, 3, 28, 22, 0), 1),
    ((1987, 9, 26, 21, 0), 2),
    ((1988, 3, 26, 22, 0), 1),
    ((1988, 9, 24, 21, 0), 2),
    ((1989, 3, 25, 22, 0), 1),
    ((1989, 9, 23, 21, 0), 2),
    ((1990, 3, 24, 22, 0), 1),
    ((1990, 9, 29, 21, 0), 2),
    ((1991, 3, 30, 22, 0), 1),
    ((1991, 9, 28, 21, 0), 2),
    ((1992, 3, 28, 22, 0), 1),
    ((1992, 9, 26, 21, 0), 2),
    ((1993, 3, 27, 22, 0), 1),
    ((1993, 9, 25, 21, 0), 2),
    ((1994, 3, 26, 22, 0), 1),
    ((1994, 9, 24, 21, 0), 2),
    ((1995, 3, 25, 22, 0), 1),
    ((1995, 9, 23, 21, 0), 2),
    ((1996, 3, 30, 22, 0), 1),
    ((1996, 9, 28, 21, 0), 2),
    ((1997, 3, 29, 22, 0), 1),
    ((1997, 9, 27, 21, 0), 2),
    ((1998, 3, 28, 22, 0), 1),
    ((1998, 10, 25, 1, 0), 3),
    ((1999, 3, 28, 1, 0), 4),
    ((1999, 10, 31, 1, 0), 3),
    ((2000, 3, 26, 1, 0), 4),
    ((2000, 10, 29, 1, 0), 3),
    ((2001, 3, 25, 1, 0), 4),
    ((2001, 10, 28, 1, 0), 3),
    ((2002, 3, 31, 1, 0), 4),
    ((2002, 10, 27, 1, 0), 3),
    ((2003, 3, 30, 1, 0), 4),
    ((2003, 10, 26, 1, 0), 3),
    ((2004, 3, 28, 1, 0), 4),
    ((2004, 10, 31, 1, 0), 3),
    ((2005, 3, 27, 1, 0), 4),
    ((2005, 10, 30, 1, 0), 3),
    ((2006, 3, 26, 1, 0), 4),
    ((2006, 10, 29, 1, 0), 3),
    ((2007, 3, 25, 1, 0), 4),
    ((2007, 10, 28, 1, 0), 3),
    ((2008, 3, 30, 1, 0), 4),
    ((2008, 10, 26, 1, 0), 3),
    ((2009, 3, 29, 1, 0), 4),
    ((2009, 10, 25, 1, 0), 3),
    ((2010, 3, 28, 1, 0), 4),
    ((2010, 10, 31, 1, 0), 3),
    ((2011, 3, 27, 1, 0), 4),
    ((2011, 10, 30, 1, 0), 3),
    ((2012, 3, 25, 1, 0), 4),
    ((2012, 10, 28, 1, 0), 3),
    ((2013, 3, 31, 1, 0), 4),
    ((2013, 10, 27, 1, 0), 3),
    ((2014, 3, 30, 1, 0), 4),
    ((2014, 10, 26, 1, 0), 3),
    ((2015, 3, 29, 1, 0), 4),
    ((2015, 10, 25, 1, 0), 3),
    ((2016, 3, 27, 1, 0), 4),
    ((2016, 10, 30, 1, 0), 3),
    ((2017, 3, 26, 1, 0), 4),
    ((2017, 10, 29, 1, 0), 3),
    ((2018, 3, 25, 1, 0), 4),
    ((2018, 10, 28, 1, 0), 3),
    ((2019, 3, 31, 1, 0), 4),
    ((2019, 10, 27, 1, 0), 3),
    ((2020, 3, 29, 1, 0), 4),
    ((2020, 10, 25, 1, 0), 3),
    ((2021, 3, 28, 1, 0), 4),
    ((2021, 10, 31, 1, 0), 3),
    ((2022, 3, 27, 1, 0), 4),
    ((2022, 10, 30, 1, 0), 3),
    ((2023, 3, 26, 1, 0), 4),
    ((2023, 10, 29, 1, 0), 3),
    ((2024, 3, 31, 1, 0), 4),
    ((2024, 10, 27, 1, 0), 3),
    ((2025, 3, 30, 1, 0), 4),
    ((2025, 10, 26, 1, 0), 3),
    ((2026, 3, 29, 1, 0), 4),
    ((2026, 10, 25, 1, 0), 3),
    ((2027, 3, 28, 1, 0), 4),
    ((2027, 10, 31, 1, 0), 3),
    ((2028, 3, 26, 1, 0), 4),
    ((2028, 10, 29, 1, 0), 3),
    ((2029, 3, 25, 1, 0), 4),
    ((2029, 10, 28, 1, 0), 3),
    ((2030, 3, 31, 1, 0), 4),
    ((2030, 10, 27, 1, 0), 3),
    ((2031, 3, 30, 1, 0), 4),
    ((2031, 10, 26, 1, 0), 3),
    ((2032, 3, 28, 1, 0), 4),
    ((2032, 10, 31, 1, 0), 3),
    ((2033, 3, 27, 1, 0), 4),
    ((2033, 10, 30, 1, 0), 3),
    ((2034, 3, 26, 1, 0), 4),
    ((2034, 10, 29, 1, 0), 3),
    ((2035, 3, 25, 1, 0), 4),
    ((2035, 10, 28, 1, 0), 3),
    ((2036, 3, 30, 1, 0), 4),
    ((2036, 10, 26, 1, 0), 3),
    ((2037, 3, 29, 1, 0), 4),
    ((2037, 10, 25, 1, 0), 3)
]
posix = 'EET-2EEST,M3.5.0/3,M10.5.0/4'
