types = [
    ((4, 21, 52), 0, 'LMT'),
    (4, 0, '+04'),
    (5, 0, '+05'),
    (6, 1, '+06'),
    (6, 0, '+06'),
    (5, 0, '+05'),
    (6, 1, '+06'),
    (5, 1, '+05'),
    (4, 0, '+04'),
    (6, 0, '+06'),
    (6, 1, '+06')
]
times = [
    ((1, 1, 2, 0, 0), 0),
    ((1924, 5, 1, 19, 38, 8), 1),
    ((1930, 6, 20, 20, 0), 2),
    ((1981, 3, 31, 19, 0), 3),
    ((1981, 9, 30, 18, 0), 4),
    ((1982, 3, 31, 18, 0), 3),
    ((1982, 9, 30, 18, 0), 2),
    ((1983, 3, 31, 19, 0), 3),
    ((1983, 9, 30, 18, 0), 2),
    ((1984, 3, 31, 19, 0), 3),
    ((1984, 9, 29, 21, 0), 5),
    ((1985, 3, 30, 21, 0), 6),
    ((1985, 9, 28, 21, 0), 5),
    ((1986, 3, 29, 21, 0), 6),
    ((1986, 9, 27, 21, 0), 5),
    ((1987, 3, 28, 21, 0), 6),
    ((1987, 9, 26, 21, 0), 5),
    ((1988, 3, 26, 21, 0), 6),
    ((1988, 9, 24, 21, 0), 5),
    ((1989, 3, 25, 21, 0), 6),
    ((1989, 9, 23, 21, 0), 5),
    ((1990, 3, 24, 21, 0), 6),
    ((1990, 9, 29, 21, 0), 5),
    ((1991, 3, 30, 21, 0), 7),
    ((1991, 9, 28, 22, 0), 5),
    ((1992, 1, 18, 21, 0), 9),
    ((1992, 3, 28, 20, 0), 6),
    ((1992, 9, 26, 21, 0), 5),
    ((1993, 3, 27, 21, 0), 6),
    ((1993, 9, 25, 21, 0), 5),
    ((1994, 3, 26, 21, 0), 6),
    ((1994, 9, 24, 21, 0), 5),
    ((1995, 3, 25, 21, 0), 6),
    ((1995, 9, 23, 21, 0), 5),
    ((1996, 3, 30, 21, 0), 6),
    ((1996, 10, 26, 21, 0), 5),
    ((1997, 3, 29, 21, 0), 6),
    ((1997, 10, 25, 21, 0), 5),
    ((1998, 3, 28, 21, 0), 6),
    ((1998, 10, 24, 21, 0), 5),
    ((1999, 3, 27, 21, 0), 6),
    ((1999, 10, 30, 21, 0), 5),
    ((2000, 3, 25, 21, 0), 6),
    ((2000, 10, 28, 21, 0), 5),
    ((2001, 3, 24, 21, 0), 6),
    ((2001, 10, 27, 21, 0), 5),
    ((2002, 3, 30, 21, 0), 6),
    ((2002, 10, 26, 21, 0), 5),
    ((2003, 3, 29, 21, 0), 6),
    ((2003, 10, 25, 21, 0), 5),
    ((2004, 3, 27, 21, 0), 6),
    ((2004, 10, 30, 21, 0), 9),
    ((2038, 1, 19, 3, 14, 7), 9)
]
posix = '<+06>-6'
