types = [
    ((9, 30, 48), 0, 'LMT'),
    (9, 0, 'JCST'),
    (9, 0, 'JST'),
    (12, 1, 'SAKST'),
    (11, 0, 'SAKT'),
    (11, 0, 'SAKT'),
    (12, 1, 'SAKST'),
    (11, 1, 'SAKST'),
    (10, 0, 'SAKT'),
    (11, 0, 'SAKT')
]
times = [
    ((1, 1, 2, 0, 0), 0),
    ((1905, 8, 22, 14, 29, 12), 1),
    ((1937, 9, 30, 15, 0), 2),
    ((1945, 8, 24, 15, 0), 4),
    ((1981, 3, 31, 13, 0), 3),
    ((1981, 9, 30, 12, 0), 4),
    ((1982, 3, 31, 13, 0), 3),
    ((1982, 9, 30, 12, 0), 4),
    ((1983, 3, 31, 13, 0), 3),
    ((1983, 9, 30, 12, 0), 4),
    ((1984, 3, 31, 13, 0), 3),
    ((1984, 9, 29, 15, 0), 5),
    ((1985, 3, 30, 15, 0), 6),
    ((1985, 9, 28, 15, 0), 5),
    ((1986, 3, 29, 15, 0), 6),
    ((1986, 9, 27, 15, 0), 5),
    ((1987, 3, 28, 15, 0), 6),
    ((1987, 9, 26, 15, 0), 5),
    ((1988, 3, 26, 15, 0), 6),
    ((1988, 9, 24, 15, 0), 5),
    ((1989, 3, 25, 15, 0), 6),
    ((1989, 9, 23, 15, 0), 5),
    ((1990, 3, 24, 15, 0), 6),
    ((1990, 9, 29, 15, 0), 5),
    ((1991, 3, 30, 15, 0), 7),
    ((1991, 9, 28, 16, 0), 8),
    ((1992, 1, 18, 16, 0), 5),
    ((1992, 3, 28, 15, 0), 6),
    ((1992, 9, 26, 15, 0), 5),
    ((1993, 3, 27, 15, 0), 6),
    ((1993, 9, 25, 15, 0), 5),
    ((1994, 3, 26, 15, 0), 6),
    ((1994, 9, 24, 15, 0), 5),
    ((1995, 3, 25, 15, 0), 6),
    ((1995, 9, 23, 15, 0), 5),
    ((1996, 3, 30, 15, 0), 6),
    ((1996, 10, 26, 15, 0), 5),
    ((1997, 3, 29, 15, 0), 7),
    ((1997, 10, 25, 16, 0), 8),
    ((1998, 3, 28, 16, 0), 7),
    ((1998, 10, 24, 16, 0), 8),
    ((1999, 3, 27, 16, 0), 7),
    ((1999, 10, 30, 16, 0), 8),
    ((2000, 3, 25, 16, 0), 7),
    ((2000, 10, 28, 16, 0), 8),
    ((2001, 3, 24, 16, 0), 7),
    ((2001, 10, 27, 16, 0), 8),
    ((2002, 3, 30, 16, 0), 7),
    ((2002, 10, 26, 16, 0), 8),
    ((2003, 3, 29, 16, 0), 7),
    ((2003, 10, 25, 16, 0), 8),
    ((2004, 3, 27, 16, 0), 7),
    ((2004, 10, 30, 16, 0), 8),
    ((2005, 3, 26, 16, 0), 7),
    ((2005, 10, 29, 16, 0), 8),
    ((2006, 3, 25, 16, 0), 7),
    ((2006, 10, 28, 16, 0), 8),
    ((2007, 3, 24, 16, 0), 7),
    ((2007, 10, 27, 16, 0), 8),
    ((2008, 3, 29, 16, 0), 7),
    ((2008, 10, 25, 16, 0), 8),
    ((2009, 3, 28, 16, 0), 7),
    ((2009, 10, 24, 16, 0), 8),
    ((2010, 3, 27, 16, 0), 7),
    ((2010, 10, 30, 16, 0), 8),
    ((2011, 3, 26, 16, 0), 5),
    ((2014, 10, 25, 15, 0), 8),
    ((2016, 3, 26, 16, 0), 5)
]
posix = 'SAKT-11'
