types = [
    ((4, 27, 53), 0, 'LMT'),
    (4, 0, 'SAMT'),
    (5, 0, 'SAMT'),
    (6, 1, 'SAMST'),
    (6, 0, 'TAST'),
    (5, 0, 'SAMT'),
    (6, 1, 'SAMST'),
    (5, 0, 'UZT'),
    (6, 1, 'UZST'),
    (5, 0, 'UZT')
]
times = [
    ((1, 1, 2, 0, 0), 0),
    ((1924, 5, 1, 19, 32, 7), 1),
    ((1930, 6, 20, 20, 0), 2),
    ((1981, 3, 31, 19, 0), 3),
    ((1981, 9, 30, 18, 0), 4),
    ((1982, 3, 31, 18, 0), 3),
    ((1982, 9, 30, 18, 0), 2),
    ((1983, 3, 31, 19, 0), 3),
    ((1983, 9, 30, 18, 0), 2),
    ((1984, 3, 31, 19, 0), 3),
    ((1984, 9, 29, 21, 0), 5),
    ((1985, 3, 30, 21, 0), 6),
    ((1985, 9, 28, 21, 0), 5),
    ((1986, 3, 29, 21, 0), 6),
    ((1986, 9, 27, 21, 0), 5),
    ((1987, 3, 28, 21, 0), 6),
    ((1987, 9, 26, 21, 0), 5),
    ((1988, 3, 26, 21, 0), 6),
    ((1988, 9, 24, 21, 0), 5),
    ((1989, 3, 25, 21, 0), 6),
    ((1989, 9, 23, 21, 0), 5),
    ((1990, 3, 24, 21, 0), 6),
    ((1990, 9, 29, 21, 0), 5),
    ((1991, 3, 30, 21, 0), 6),
    ((1991, 8, 31, 18, 0), 8),
    ((1991, 9, 28, 21, 0), 7),
    ((1991, 12, 31, 19, 0), 9)
]
posix = 'UZT-5'
