types = [
    ((8, 27, 52), 0, 'LMT'),
    ((8, 30), 0, 'KST'),
    (9, 0, 'JCST'),
    (9, 0, 'JST'),
    (9, 0, 'KST'),
    ((9, 30), 1, 'KDT'),
    (10, 1, 'KDT')
]
times = [
    ((1, 1, 2, 0, 0), 0),
    ((1908, 3, 31, 15, 32, 8), 1),
    ((1911, 12, 31, 15, 30), 2),
    ((1937, 9, 30, 15, 0), 3),
    ((1945, 9, 7, 15, 0), 4),
    ((1954, 3, 20, 15, 0), 1),
    ((1955, 5, 4, 15, 30), 5),
    ((1955, 9, 8, 14, 30), 1),
    ((1956, 5, 19, 15, 30), 5),
    ((1956, 9, 29, 14, 30), 1),
    ((1957, 5, 4, 15, 30), 5),
    ((1957, 9, 21, 14, 30), 1),
    ((1958, 5, 3, 15, 30), 5),
    ((1958, 9, 20, 14, 30), 1),
    ((1959, 5, 2, 15, 30), 5),
    ((1959, 9, 19, 14, 30), 1),
    ((1960, 4, 30, 15, 30), 5),
    ((1960, 9, 17, 14, 30), 1),
    ((1961, 8, 9, 15, 30), 4),
    ((1987, 5, 9, 17, 0), 6),
    ((1987, 10, 10, 17, 0), 4),
    ((1988, 5, 7, 17, 0), 6),
    ((1988, 10, 8, 17, 0), 4)
]
posix = 'KST-9'
