types = [
    ((8, 5, 43), 0, 'LMT'),
    (9, 1, 'CDT'),
    (8, 0, 'CST')
]
times = [
    ((1, 1, 2, 0, 0), 0),
    ((1900, 12, 31, 15, 54, 17), 2),
    ((1940, 6, 2, 16, 0), 1),
    ((1940, 9, 30, 15, 0), 2),
    ((1941, 3, 15, 16, 0), 1),
    ((1941, 9, 30, 15, 0), 2),
    ((1986, 5, 3, 16, 0), 1),
    ((1986, 9, 13, 15, 0), 2),
    ((1987, 4, 11, 16, 0), 1),
    ((1987, 9, 12, 15, 0), 2),
    ((1988, 4, 9, 16, 0), 1),
    ((1988, 9, 10, 15, 0), 2),
    ((1989, 4, 15, 16, 0), 1),
    ((1989, 9, 16, 15, 0), 2),
    ((1990, 4, 14, 16, 0), 1),
    ((1990, 9, 15, 15, 0), 2),
    ((1991, 4, 13, 16, 0), 1),
    ((1991, 9, 14, 15, 0), 2)
]
posix = 'CST-8'
