types = [
    ((8, 6), 0, 'LMT'),
    (8, 0, 'JWST'),
    (9, 0, 'JST'),
    (9, 1, 'CDT'),
    (8, 0, 'CST')
]
times = [
    ((1, 1, 2, 0, 0), 0),
    ((1895, 12, 31, 15, 54), 1),
    ((1937, 9, 30, 16, 0), 2),
    ((1945, 9, 20, 16, 0), 4),
    ((1946, 5, 14, 16, 0), 3),
    ((1946, 9, 30, 15, 0), 4),
    ((1947, 4, 14, 16, 0), 3),
    ((1947, 10, 31, 15, 0), 4),
    ((1948, 4, 30, 16, 0), 3),
    ((1948, 9, 30, 15, 0), 4),
    ((1949, 4, 30, 16, 0), 3),
    ((1949, 9, 30, 15, 0), 4),
    ((1950, 4, 30, 16, 0), 3),
    ((1950, 9, 30, 15, 0), 4),
    ((1951, 4, 30, 16, 0), 3),
    ((1951, 9, 30, 15, 0), 4),
    ((1952, 2, 29, 16, 0), 3),
    ((1952, 10, 31, 15, 0), 4),
    ((1953, 3, 31, 16, 0), 3),
    ((1953, 10, 31, 15, 0), 4),
    ((1954, 3, 31, 16, 0), 3),
    ((1954, 10, 31, 15, 0), 4),
    ((1955, 3, 31, 16, 0), 3),
    ((1955, 9, 30, 15, 0), 4),
    ((1956, 3, 31, 16, 0), 3),
    ((1956, 9, 30, 15, 0), 4),
    ((1957, 3, 31, 16, 0), 3),
    ((1957, 9, 30, 15, 0), 4),
    ((1958, 3, 31, 16, 0), 3),
    ((1958, 9, 30, 15, 0), 4),
    ((1959, 3, 31, 16, 0), 3),
    ((1959, 9, 30, 15, 0), 4),
    ((1960, 5, 31, 16, 0), 3),
    ((1960, 9, 30, 15, 0), 4),
    ((1961, 5, 31, 16, 0), 3),
    ((1961, 9, 30, 15, 0), 4),
    ((1974, 3, 31, 16, 0), 3),
    ((1974, 9, 30, 15, 0), 4),
    ((1975, 3, 31, 16, 0), 3),
    ((1975, 9, 30, 15, 0), 4),
    ((1979, 6, 30, 16, 0), 3),
    ((1979, 9, 30, 15, 0), 4)
]
posix = 'CST-8'
