types = [
    ((2, 59, 11), 0, 'LMT'),
    ((2, 59, 11), 0, 'TBMT'),
    (3, 0, 'TBIT'),
    (5, 1, 'TBIST'),
    (4, 0, 'TBIT'),
    (4, 0, 'TBIT'),
    (5, 1, 'TBIST'),
    (4, 1, 'TBIST'),
    (3, 0, 'GET'),
    (4, 1, 'GEST'),
    (3, 0, 'GET'),
    (5, 1, 'GEST'),
    (4, 0, 'GET'),
    (4, 1, 'GEST')
]
times = [
    ((1, 1, 2, 0, 0), 0),
    ((1879, 12, 31, 21, 0, 49), 1),
    ((1924, 5, 1, 21, 0, 49), 2),
    ((1957, 2, 28, 21, 0), 4),
    ((1981, 3, 31, 20, 0), 3),
    ((1981, 9, 30, 19, 0), 4),
    ((1982, 3, 31, 20, 0), 3),
    ((1982, 9, 30, 19, 0), 4),
    ((1983, 3, 31, 20, 0), 3),
    ((1983, 9, 30, 19, 0), 4),
    ((1984, 3, 31, 20, 0), 3),
    ((1984, 9, 29, 22, 0), 5),
    ((1985, 3, 30, 22, 0), 6),
    ((1985, 9, 28, 22, 0), 5),
    ((1986, 3, 29, 22, 0), 6),
    ((1986, 9, 27, 22, 0), 5),
    ((1987, 3, 28, 22, 0), 6),
    ((1987, 9, 26, 22, 0), 5),
    ((1988, 3, 26, 22, 0), 6),
    ((1988, 9, 24, 22, 0), 5),
    ((1989, 3, 25, 22, 0), 6),
    ((1989, 9, 23, 22, 0), 5),
    ((1990, 3, 24, 22, 0), 6),
    ((1990, 9, 29, 22, 0), 5),
    ((1991, 3, 30, 22, 0), 7),
    ((1991, 4, 8, 20, 0), 9),
    ((1991, 9, 28, 23, 0), 8),
    ((1991, 12, 31, 21, 0), 10),
    ((1992, 3, 28, 21, 0), 9),
    ((1992, 9, 26, 20, 0), 10),
    ((1993, 3, 27, 21, 0), 9),
    ((1993, 9, 25, 20, 0), 10),
    ((1994, 3, 26, 21, 0), 9),
    ((1994, 9, 24, 20, 0), 12),
    ((1995, 3, 25, 20, 0), 11),
    ((1995, 9, 23, 19, 0), 12),
    ((1996, 3, 30, 20, 0), 11),
    ((1997, 3, 29, 19, 0), 11),
    ((1997, 10, 25, 19, 0), 12),
    ((1998, 3, 28, 20, 0), 11),
    ((1998, 10, 24, 19, 0), 12),
    ((1999, 3, 27, 20, 0), 11),
    ((1999, 10, 30, 19, 0), 12),
    ((2000, 3, 25, 20, 0), 11),
    ((2000, 10, 28, 19, 0), 12),
    ((2001, 3, 24, 20, 0), 11),
    ((2001, 10, 27, 19, 0), 12),
    ((2002, 3, 30, 20, 0), 11),
    ((2002, 10, 26, 19, 0), 12),
    ((2003, 3, 29, 20, 0), 11),
    ((2003, 10, 25, 19, 0), 12),
    ((2004, 3, 27, 20, 0), 11),
    ((2004, 6, 26, 19, 0), 9),
    ((2004, 10, 30, 23, 0), 8),
    ((2005, 3, 26, 23, 0), 12)
]
posix = 'GET-4'
