types = [
    ((4, 2, 33), 0, 'LMT'),
    ((3, 45, 5), 0, 'PMT'),
    (4, 0, 'SVET'),
    (6, 1, 'SVEST'),
    (5, 0, 'SVET'),
    (5, 0, 'SVET'),
    (6, 1, 'SVEST'),
    (5, 1, 'SVEST'),
    (4, 0, 'SVET'),
    (6, 1, 'YEKST'),
    (5, 0, 'YEKT'),
    (6, 0, 'YEKT'),
    (5, 0, 'YEKT')
]
times = [
    ((1, 1, 2, 0, 0), 0),
    ((1916, 7, 2, 19, 57, 27), 1),
    ((1919, 7, 15, 0, 14, 55), 2),
    ((1930, 6, 20, 20, 0), 4),
    ((1981, 3, 31, 19, 0), 3),
    ((1981, 9, 30, 18, 0), 4),
    ((1982, 3, 31, 19, 0), 3),
    ((1982, 9, 30, 18, 0), 4),
    ((1983, 3, 31, 19, 0), 3),
    ((1983, 9, 30, 18, 0), 4),
    ((1984, 3, 31, 19, 0), 3),
    ((1984, 9, 29, 21, 0), 5),
    ((1985, 3, 30, 21, 0), 6),
    ((1985, 9, 28, 21, 0), 5),
    ((1986, 3, 29, 21, 0), 6),
    ((1986, 9, 27, 21, 0), 5),
    ((1987, 3, 28, 21, 0), 6),
    ((1987, 9, 26, 21, 0), 5),
    ((1988, 3, 26, 21, 0), 6),
    ((1988, 9, 24, 21, 0), 5),
    ((1989, 3, 25, 21, 0), 6),
    ((1989, 9, 23, 21, 0), 5),
    ((1990, 3, 24, 21, 0), 6),
    ((1990, 9, 29, 21, 0), 5),
    ((1991, 3, 30, 21, 0), 7),
    ((1991, 9, 28, 22, 0), 8),
    ((1992, 1, 18, 22, 0), 10),
    ((1992, 3, 28, 21, 0), 9),
    ((1992, 9, 26, 21, 0), 10),
    ((1993, 3, 27, 21, 0), 9),
    ((1993, 9, 25, 21, 0), 10),
    ((1994, 3, 26, 21, 0), 9),
    ((1994, 9, 24, 21, 0), 10),
    ((1995, 3, 25, 21, 0), 9),
    ((1995, 9, 23, 21, 0), 10),
    ((1996, 3, 30, 21, 0), 9),
    ((1996, 10, 26, 21, 0), 10),
    ((1997, 3, 29, 21, 0), 9),
    ((1997, 10, 25, 21, 0), 10),
    ((1998, 3, 28, 21, 0), 9),
    ((1998, 10, 24, 21, 0), 10),
    ((1999, 3, 27, 21, 0), 9),
    ((1999, 10, 30, 21, 0), 10),
    ((2000, 3, 25, 21, 0), 9),
    ((2000, 10, 28, 21, 0), 10),
    ((2001, 3, 24, 21, 0), 9),
    ((2001, 10, 27, 21, 0), 10),
    ((2002, 3, 30, 21, 0), 9),
    ((2002, 10, 26, 21, 0), 10),
    ((2003, 3, 29, 21, 0), 9),
    ((2003, 10, 25, 21, 0), 10),
    ((2004, 3, 27, 21, 0), 9),
    ((2004, 10, 30, 21, 0), 10),
    ((2005, 3, 26, 21, 0), 9),
    ((2005, 10, 29, 21, 0), 10),
    ((2006, 3, 25, 21, 0), 9),
    ((2006, 10, 28, 21, 0), 10),
    ((2007, 3, 24, 21, 0), 9),
    ((2007, 10, 27, 21, 0), 10),
    ((2008, 3, 29, 21, 0), 9),
    ((2008, 10, 25, 21, 0), 10),
    ((2009, 3, 28, 21, 0), 9),
    ((2009, 10, 24, 21, 0), 10),
    ((2010, 3, 27, 21, 0), 9),
    ((2010, 10, 30, 21, 0), 10),
    ((2011, 3, 26, 21, 0), 11),
    ((2014, 10, 25, 20, 0), 10)
]
posix = 'YEKT-5'
