types = [
    ((2, 58), 0, 'LMT'),
    (3, 0, 'YERT'),
    (5, 1, 'YERST'),
    (4, 0, 'YERT'),
    (4, 0, 'YERT'),
    (5, 1, 'YERST'),
    (4, 1, 'YERST'),
    (3, 0, 'AMT'),
    (4, 1, 'AMST'),
    (4, 1, 'AMST'),
    (4, 0, 'AMT'),
    (5, 1, 'AMST'),
    (4, 0, 'AMT')
]
times = [
    ((1, 1, 2, 0, 0), 0),
    ((1924, 5, 1, 21, 2), 1),
    ((1957, 2, 28, 21, 0), 3),
    ((1981, 3, 31, 20, 0), 2),
    ((1981, 9, 30, 19, 0), 3),
    ((1982, 3, 31, 20, 0), 2),
    ((1982, 9, 30, 19, 0), 3),
    ((1983, 3, 31, 20, 0), 2),
    ((1983, 9, 30, 19, 0), 3),
    ((1984, 3, 31, 20, 0), 2),
    ((1984, 9, 29, 22, 0), 4),
    ((1985, 3, 30, 22, 0), 5),
    ((1985, 9, 28, 22, 0), 4),
    ((1986, 3, 29, 22, 0), 5),
    ((1986, 9, 27, 22, 0), 4),
    ((1987, 3, 28, 22, 0), 5),
    ((1987, 9, 26, 22, 0), 4),
    ((1988, 3, 26, 22, 0), 5),
    ((1988, 9, 24, 22, 0), 4),
    ((1989, 3, 25, 22, 0), 5),
    ((1989, 9, 23, 22, 0), 4),
    ((1990, 3, 24, 22, 0), 5),
    ((1990, 9, 29, 22, 0), 4),
    ((1991, 3, 30, 22, 0), 6),
    ((1991, 9, 22, 20, 0), 9),
    ((1991, 9, 28, 23, 0), 7),
    ((1992, 3, 28, 23, 0), 8),
    ((1992, 9, 26, 23, 0), 7),
    ((1993, 3, 27, 23, 0), 8),
    ((1993, 9, 25, 23, 0), 7),
    ((1994, 3, 26, 23, 0), 8),
    ((1994, 9, 24, 23, 0), 7),
    ((1995, 3, 25, 23, 0), 8),
    ((1995, 9, 23, 23, 0), 10),
    ((1996, 12, 31, 20, 0), 12),
    ((1997, 3, 29, 22, 0), 11),
    ((1997, 10, 25, 22, 0), 10),
    ((1998, 3, 28, 22, 0), 11),
    ((1998, 10, 24, 22, 0), 10),
    ((1999, 3, 27, 22, 0), 11),
    ((1999, 10, 30, 22, 0), 10),
    ((2000, 3, 25, 22, 0), 11),
    ((2000, 10, 28, 22, 0), 10),
    ((2001, 3, 24, 22, 0), 11),
    ((2001, 10, 27, 22, 0), 10),
    ((2002, 3, 30, 22, 0), 11),
    ((2002, 10, 26, 22, 0), 10),
    ((2003, 3, 29, 22, 0), 11),
    ((2003, 10, 25, 22, 0), 10),
    ((2004, 3, 27, 22, 0), 11),
    ((2004, 10, 30, 22, 0), 10),
    ((2005, 3, 26, 22, 0), 11),
    ((2005, 10, 29, 22, 0), 10),
    ((2006, 3, 25, 22, 0), 11),
    ((2006, 10, 28, 22, 0), 10),
    ((2007, 3, 24, 22, 0), 11),
    ((2007, 10, 27, 22, 0), 10),
    ((2008, 3, 29, 22, 0), 11),
    ((2008, 10, 25, 22, 0), 10),
    ((2009, 3, 28, 22, 0), 11),
    ((2009, 10, 24, 22, 0), 10),
    ((2010, 3, 27, 22, 0), 11),
    ((2010, 10, 30, 22, 0), 10),
    ((2011, 3, 26, 22, 0), 11),
    ((2011, 10, 29, 22, 0), 10),
    ((2012, 2, 8, 20, 0), 12)
]
posix = 'AMT-4'
