types = [
    ((-3, -44, -20), 0, 'LMT'),
    (-3, 1, 'AMST'),
    (-4, 0, 'AMT')
]
times = [
    ((1, 1, 2, 0, 0), 0),
    ((1914, 1, 1, 3, 44, 20), 2),
    ((1931, 10, 3, 15, 0), 1),
    ((1932, 4, 1, 3, 0), 2),
    ((1932, 10, 3, 4, 0), 1),
    ((1933, 4, 1, 3, 0), 2),
    ((1949, 12, 1, 4, 0), 1),
    ((1950, 4, 16, 4, 0), 2),
    ((1950, 12, 1, 4, 0), 1),
    ((1951, 4, 1, 3, 0), 2),
    ((1951, 12, 1, 4, 0), 1),
    ((1952, 4, 1, 3, 0), 2),
    ((1952, 12, 1, 4, 0), 1),
    ((1953, 3, 1, 3, 0), 2),
    ((1963, 12, 9, 4, 0), 1),
    ((1964, 3, 1, 3, 0), 2),
    ((1965, 1, 31, 4, 0), 1),
    ((1965, 3, 31, 3, 0), 2),
    ((1965, 12, 1, 4, 0), 1),
    ((1966, 3, 1, 3, 0), 2),
    ((1966, 11, 1, 4, 0), 1),
    ((1967, 3, 1, 3, 0), 2),
    ((1967, 11, 1, 4, 0), 1),
    ((1968, 3, 1, 3, 0), 2),
    ((1985, 11, 2, 4, 0), 1),
    ((1986, 3, 15, 3, 0), 2),
    ((1986, 10, 25, 4, 0), 1),
    ((1987, 2, 14, 3, 0), 2),
    ((1987, 10, 25, 4, 0), 1),
    ((1988, 2, 7, 3, 0), 2),
    ((1988, 10, 16, 4, 0), 1),
    ((1989, 1, 29, 3, 0), 2),
    ((1989, 10, 15, 4, 0), 1),
    ((1990, 2, 11, 3, 0), 2),
    ((1990, 10, 21, 4, 0), 1),
    ((1991, 2, 17, 3, 0), 2),
    ((1991, 10, 20, 4, 0), 1),
    ((1992, 2, 9, 3, 0), 2),
    ((1992, 10, 25, 4, 0), 1),
    ((1993, 1, 31, 3, 0), 2),
    ((1993, 10, 17, 4, 0), 1),
    ((1994, 2, 20, 3, 0), 2),
    ((1994, 10, 16, 4, 0), 1),
    ((1995, 2, 19, 3, 0), 2),
    ((1995, 10, 15, 4, 0), 1),
    ((1996, 2, 11, 3, 0), 2),
    ((1996, 10, 6, 4, 0), 1),
    ((1997, 2, 16, 3, 0), 2),
    ((1997, 10, 6, 4, 0), 1),
    ((1998, 3, 1, 3, 0), 2),
    ((1998, 10, 11, 4, 0), 1),
    ((1999, 2, 21, 3, 0), 2),
    ((1999, 10, 3, 4, 0), 1),
    ((2000, 2, 27, 3, 0), 2),
    ((2000, 10, 8, 4, 0), 1),
    ((2001, 2, 18, 3, 0), 2),
    ((2001, 10, 14, 4, 0), 1),
    ((2002, 2, 17, 3, 0), 2),
    ((2002, 11, 3, 4, 0), 1),
    ((2003, 2, 16, 3, 0), 2),
    ((2004, 11, 2, 4, 0), 1),
    ((2005, 2, 20, 3, 0), 2),
    ((2005, 10, 16, 4, 0), 1),
    ((2006, 2, 19, 3, 0), 2),
    ((2006, 11, 5, 4, 0), 1),
    ((2007, 2, 25, 3, 0), 2),
    ((2007, 10, 14, 4, 0), 1),
    ((2008, 2, 17, 3, 0), 2),
    ((2008, 10, 19, 4, 0), 1),
    ((2009, 2, 15, 3, 0), 2),
    ((2009, 10, 18, 4, 0), 1),
    ((2010, 2, 21, 3, 0), 2),
    ((2010, 10, 17, 4, 0), 1),
    ((2011, 2, 20, 3, 0), 2),
    ((2011, 10, 16, 4, 0), 1),
    ((2012, 2, 26, 3, 0), 2),
    ((2012, 10, 21, 4, 0), 1),
    ((2013, 2, 17, 3, 0), 2),
    ((2013, 10, 20, 4, 0), 1),
    ((2014, 2, 16, 3, 0), 2),
    ((2014, 10, 19, 4, 0), 1),
    ((2015, 2, 22, 3, 0), 2),
    ((2015, 10, 18, 4, 0), 1),
    ((2016, 2, 21, 3, 0), 2),
    ((2016, 10, 16, 4, 0), 1),
    ((2017, 2, 19, 3, 0), 2),
    ((2017, 10, 15, 4, 0), 1),
    ((2018, 2, 18, 3, 0), 2),
    ((2018, 10, 21, 4, 0), 1),
    ((2019, 2, 17, 3, 0), 2),
    ((2019, 10, 20, 4, 0), 1),
    ((2020, 2, 16, 3, 0), 2),
    ((2020, 10, 18, 4, 0), 1),
    ((2021, 2, 21, 3, 0), 2),
    ((2021, 10, 17, 4, 0), 1),
    ((2022, 2, 20, 3, 0), 2),
    ((2022, 10, 16, 4, 0), 1),
    ((2023, 2, 26, 3, 0), 2),
    ((2023, 10, 15, 4, 0), 1),
    ((2024, 2, 18, 3, 0), 2),
    ((2024, 10, 20, 4, 0), 1),
    ((2025, 2, 16, 3, 0), 2),
    ((2025, 10, 19, 4, 0), 1),
    ((2026, 2, 22, 3, 0), 2),
    ((2026, 10, 18, 4, 0), 1),
    ((2027, 2, 21, 3, 0), 2),
    ((2027, 10, 17, 4, 0), 1),
    ((2028, 2, 20, 3, 0), 2),
    ((2028, 10, 15, 4, 0), 1),
    ((2029, 2, 18, 3, 0), 2),
    ((2029, 10, 21, 4, 0), 1),
    ((2030, 2, 17, 3, 0), 2),
    ((2030, 10, 20, 4, 0), 1),
    ((2031, 2, 16, 3, 0), 2),
    ((2031, 10, 19, 4, 0), 1),
    ((2032, 2, 15, 3, 0), 2),
    ((2032, 10, 17, 4, 0), 1),
    ((2033, 2, 20, 3, 0), 2),
    ((2033, 10, 16, 4, 0), 1),
    ((2034, 2, 26, 3, 0), 2),
    ((2034, 10, 15, 4, 0), 1),
    ((2035, 2, 18, 3, 0), 2),
    ((2035, 10, 21, 4, 0), 1),
    ((2036, 2, 17, 3, 0), 2),
    ((2036, 10, 19, 4, 0), 1),
    ((2037, 2, 22, 3, 0), 2),
    ((2037, 10, 18, 4, 0), 1),
    ((2038, 2, 21, 3, 0), 2),
    ((2038, 10, 17, 4, 0), 1)
]
posix = 'AMT4AMST,M10.3.0/0,M2.3.0/0'
