types = [
    ((-9, -17, -40), 0, 'LMT'),
    (-8, 1, 'YDT'),
    (-9, 0, 'YST'),
    (-8, 1, 'YWT'),
    (-8, 1, 'YPT'),
    (-7, 2, 'YDDT'),
    (-8, 0, 'PST'),
    (-7, 1, 'PDT')
]
times = [
    ((1, 1, 2, 0, 0), 0),
    ((1900, 8, 20, 9, 17, 40), 2),
    ((1918, 4, 14, 11, 0), 1),
    ((1918, 10, 27, 10, 0), 2),
    ((1919, 5, 25, 11, 0), 1),
    ((1919, 11, 1, 8, 0), 2),
    ((1942, 2, 9, 11, 0), 3),
    ((1945, 8, 14, 23, 0), 4),
    ((1945, 9, 30, 10, 0), 2),
    ((1965, 4, 25, 9, 0), 5),
    ((1965, 10, 31, 9, 0), 2),
    ((1973, 10, 28, 9, 0), 6),
    ((1980, 4, 27, 10, 0), 7),
    ((1980, 10, 26, 9, 0), 6),
    ((1981, 4, 26, 10, 0), 7),
    ((1981, 10, 25, 9, 0), 6),
    ((1982, 4, 25, 10, 0), 7),
    ((1982, 10, 31, 9, 0), 6),
    ((1983, 4, 24, 10, 0), 7),
    ((1983, 10, 30, 9, 0), 6),
    ((1984, 4, 29, 10, 0), 7),
    ((1984, 10, 28, 9, 0), 6),
    ((1985, 4, 28, 10, 0), 7),
    ((1985, 10, 27, 9, 0), 6),
    ((1986, 4, 27, 10, 0), 7),
    ((1986, 10, 26, 9, 0), 6),
    ((1987, 4, 5, 10, 0), 7),
    ((1987, 10, 25, 9, 0), 6),
    ((1988, 4, 3, 10, 0), 7),
    ((1988, 10, 30, 9, 0), 6),
    ((1989, 4, 2, 10, 0), 7),
    ((1989, 10, 29, 9, 0), 6),
    ((1990, 4, 1, 10, 0), 7),
    ((1990, 10, 28, 9, 0), 6),
    ((1991, 4, 7, 10, 0), 7),
    ((1991, 10, 27, 9, 0), 6),
    ((1992, 4, 5, 10, 0), 7),
    ((1992, 10, 25, 9, 0), 6),
    ((1993, 4, 4, 10, 0), 7),
    ((1993, 10, 31, 9, 0), 6),
    ((1994, 4, 3, 10, 0), 7),
    ((1994, 10, 30, 9, 0), 6),
    ((1995, 4, 2, 10, 0), 7),
    ((1995, 10, 29, 9, 0), 6),
    ((1996, 4, 7, 10, 0), 7),
    ((1996, 10, 27, 9, 0), 6),
    ((1997, 4, 6, 10, 0), 7),
    ((1997, 10, 26, 9, 0), 6),
    ((1998, 4, 5, 10, 0), 7),
    ((1998, 10, 25, 9, 0), 6),
    ((1999, 4, 4, 10, 0), 7),
    ((1999, 10, 31, 9, 0), 6),
    ((2000, 4, 2, 10, 0), 7),
    ((2000, 10, 29, 9, 0), 6),
    ((2001, 4, 1, 10, 0), 7),
    ((2001, 10, 28, 9, 0), 6),
    ((2002, 4, 7, 10, 0), 7),
    ((2002, 10, 27, 9, 0), 6),
    ((2003, 4, 6, 10, 0), 7),
    ((2003, 10, 26, 9, 0), 6),
    ((2004, 4, 4, 10, 0), 7),
    ((2004, 10, 31, 9, 0), 6),
    ((2005, 4, 3, 10, 0), 7),
    ((2005, 10, 30, 9, 0), 6),
    ((2006, 4, 2, 10, 0), 7),
    ((2006, 10, 29, 9, 0), 6),
    ((2007, 3, 11, 10, 0), 7),
    ((2007, 11, 4, 9, 0), 6),
    ((2008, 3, 9, 10, 0), 7),
    ((2008, 11, 2, 9, 0), 6),
    ((2009, 3, 8, 10, 0), 7),
    ((2009, 11, 1, 9, 0), 6),
    ((2010, 3, 14, 10, 0), 7),
    ((2010, 11, 7, 9, 0), 6),
    ((2011, 3, 13, 10, 0), 7),
    ((2011, 11, 6, 9, 0), 6),
    ((2012, 3, 11, 10, 0), 7),
    ((2012, 11, 4, 9, 0), 6),
    ((2013, 3, 10, 10, 0), 7),
    ((2013, 11, 3, 9, 0), 6),
    ((2014, 3, 9, 10, 0), 7),
    ((2014, 11, 2, 9, 0), 6),
    ((2015, 3, 8, 10, 0), 7),
    ((2015, 11, 1, 9, 0), 6),
    ((2016, 3, 13, 10, 0), 7),
    ((2016, 11, 6, 9, 0), 6),
    ((2017, 3, 12, 10, 0), 7),
    ((2017, 11, 5, 9, 0), 6),
    ((2018, 3, 11, 10, 0), 7),
    ((2018, 11, 4, 9, 0), 6),
    ((2019, 3, 10, 10, 0), 7),
    ((2019, 11, 3, 9, 0), 6),
    ((2020, 3, 8, 10, 0), 7),
    ((2020, 11, 1, 9, 0), 6),
    ((2021, 3, 14, 10, 0), 7),
    ((2021, 11, 7, 9, 0), 6),
    ((2022, 3, 13, 10, 0), 7),
    ((2022, 11, 6, 9, 0), 6),
    ((2023, 3, 12, 10, 0), 7),
    ((2023, 11, 5, 9, 0), 6),
    ((2024, 3, 10, 10, 0), 7),
    ((2024, 11, 3, 9, 0), 6),
    ((2025, 3, 9, 10, 0), 7),
    ((2025, 11, 2, 9, 0), 6),
    ((2026, 3, 8, 10, 0), 7),
    ((2026, 11, 1, 9, 0), 6),
    ((2027, 3, 14, 10, 0), 7),
    ((2027, 11, 7, 9, 0), 6),
    ((2028, 3, 12, 10, 0), 7),
    ((2028, 11, 5, 9, 0), 6),
    ((2029, 3, 11, 10, 0), 7),
    ((2029, 11, 4, 9, 0), 6),
    ((2030, 3, 10, 10, 0), 7),
    ((2030, 11, 3, 9, 0), 6),
    ((2031, 3, 9, 10, 0), 7),
    ((2031, 11, 2, 9, 0), 6),
    ((2032, 3, 14, 10, 0), 7),
    ((2032, 11, 7, 9, 0), 6),
    ((2033, 3, 13, 10, 0), 7),
    ((2033, 11, 6, 9, 0), 6),
    ((2034, 3, 12, 10, 0), 7),
    ((2034, 11, 5, 9, 0), 6),
    ((2035, 3, 11, 10, 0), 7),
    ((2035, 11, 4, 9, 0), 6),
    ((2036, 3, 9, 10, 0), 7),
    ((2036, 11, 2, 9, 0), 6),
    ((2037, 3, 8, 10, 0), 7),
    ((2037, 11, 1, 9, 0), 6)
]
posix = 'PST8PDT,M3.2.0,M11.1.0'
