types = [
    ((-4, -39, -28), 0, 'LMT'),
    (-4, 1, 'ACST'),
    (-5, 0, 'ACT'),
    (-4, 0, 'AMT'),
    (-5, 0, 'ACT')
]
times = [
    ((1, 1, 2, 0, 0), 0),
    ((1914, 1, 1, 4, 39, 28), 2),
    ((1931, 10, 3, 16, 0), 1),
    ((1932, 4, 1, 4, 0), 2),
    ((1932, 10, 3, 5, 0), 1),
    ((1933, 4, 1, 4, 0), 2),
    ((1949, 12, 1, 5, 0), 1),
    ((1950, 4, 16, 5, 0), 2),
    ((1950, 12, 1, 5, 0), 1),
    ((1951, 4, 1, 4, 0), 2),
    ((1951, 12, 1, 5, 0), 1),
    ((1952, 4, 1, 4, 0), 2),
    ((1952, 12, 1, 5, 0), 1),
    ((1953, 3, 1, 4, 0), 2),
    ((1963, 12, 9, 5, 0), 1),
    ((1964, 3, 1, 4, 0), 2),
    ((1965, 1, 31, 5, 0), 1),
    ((1965, 3, 31, 4, 0), 2),
    ((1965, 12, 1, 5, 0), 1),
    ((1966, 3, 1, 4, 0), 2),
    ((1966, 11, 1, 5, 0), 1),
    ((1967, 3, 1, 4, 0), 2),
    ((1967, 11, 1, 5, 0), 1),
    ((1968, 3, 1, 4, 0), 2),
    ((1985, 11, 2, 5, 0), 1),
    ((1986, 3, 15, 4, 0), 2),
    ((1986, 10, 25, 5, 0), 1),
    ((1987, 2, 14, 4, 0), 2),
    ((1987, 10, 25, 5, 0), 1),
    ((1988, 2, 7, 4, 0), 2),
    ((1993, 10, 17, 5, 0), 1),
    ((1994, 2, 20, 4, 0), 2),
    ((2008, 6, 24, 5, 0), 3),
    ((2013, 11, 10, 4, 0), 2)
]
posix = 'ACT5'
