types = [
    ((-3, -26, -56), 0, 'LMT'),
    (-3, 0, 'WGT'),
    (-3, 0, 'WGT'),
    (-2, 1, 'WGST'),
    (-2, 1, 'WGST')
]
times = [
    ((1, 1, 2, 0, 0), 0),
    ((1916, 7, 28, 3, 26, 56), 1),
    ((1980, 4, 6, 5, 0), 4),
    ((1980, 9, 28, 1, 0), 2),
    ((1981, 3, 29, 1, 0), 3),
    ((1981, 9, 27, 1, 0), 2),
    ((1982, 3, 28, 1, 0), 3),
    ((1982, 9, 26, 1, 0), 2),
    ((1983, 3, 27, 1, 0), 3),
    ((1983, 9, 25, 1, 0), 2),
    ((1984, 3, 25, 1, 0), 3),
    ((1984, 9, 30, 1, 0), 2),
    ((1985, 3, 31, 1, 0), 3),
    ((1985, 9, 29, 1, 0), 2),
    ((1986, 3, 30, 1, 0), 3),
    ((1986, 9, 28, 1, 0), 2),
    ((1987, 3, 29, 1, 0), 3),
    ((1987, 9, 27, 1, 0), 2),
    ((1988, 3, 27, 1, 0), 3),
    ((1988, 9, 25, 1, 0), 2),
    ((1989, 3, 26, 1, 0), 3),
    ((1989, 9, 24, 1, 0), 2),
    ((1990, 3, 25, 1, 0), 3),
    ((1990, 9, 30, 1, 0), 2),
    ((1991, 3, 31, 1, 0), 3),
    ((1991, 9, 29, 1, 0), 2),
    ((1992, 3, 29, 1, 0), 3),
    ((1992, 9, 27, 1, 0), 2),
    ((1993, 3, 28, 1, 0), 3),
    ((1993, 9, 26, 1, 0), 2),
    ((1994, 3, 27, 1, 0), 3),
    ((1994, 9, 25, 1, 0), 2),
    ((1995, 3, 26, 1, 0), 3),
    ((1995, 9, 24, 1, 0), 2),
    ((1996, 3, 31, 1, 0), 3),
    ((1996, 10, 27, 1, 0), 2),
    ((1997, 3, 30, 1, 0), 3),
    ((1997, 10, 26, 1, 0), 2),
    ((1998, 3, 29, 1, 0), 3),
    ((1998, 10, 25, 1, 0), 2),
    ((1999, 3, 28, 1, 0), 3),
    ((1999, 10, 31, 1, 0), 2),
    ((2000, 3, 26, 1, 0), 3),
    ((2000, 10, 29, 1, 0), 2),
    ((2001, 3, 25, 1, 0), 3),
    ((2001, 10, 28, 1, 0), 2),
    ((2002, 3, 31, 1, 0), 3),
    ((2002, 10, 27, 1, 0), 2),
    ((2003, 3, 30, 1, 0), 3),
    ((2003, 10, 26, 1, 0), 2),
    ((2004, 3, 28, 1, 0), 3),
    ((2004, 10, 31, 1, 0), 2),
    ((2005, 3, 27, 1, 0), 3),
    ((2005, 10, 30, 1, 0), 2),
    ((2006, 3, 26, 1, 0), 3),
    ((2006, 10, 29, 1, 0), 2),
    ((2007, 3, 25, 1, 0), 3),
    ((2007, 10, 28, 1, 0), 2),
    ((2008, 3, 30, 1, 0), 3),
    ((2008, 10, 26, 1, 0), 2),
    ((2009, 3, 29, 1, 0), 3),
    ((2009, 10, 25, 1, 0), 2),
    ((2010, 3, 28, 1, 0), 3),
    ((2010, 10, 31, 1, 0), 2),
    ((2011, 3, 27, 1, 0), 3),
    ((2011, 10, 30, 1, 0), 2),
    ((2012, 3, 25, 1, 0), 3),
    ((2012, 10, 28, 1, 0), 2),
    ((2013, 3, 31, 1, 0), 3),
    ((2013, 10, 27, 1, 0), 2),
    ((2014, 3, 30, 1, 0), 3),
    ((2014, 10, 26, 1, 0), 2),
    ((2015, 3, 29, 1, 0), 3),
    ((2015, 10, 25, 1, 0), 2),
    ((2016, 3, 27, 1, 0), 3),
    ((2016, 10, 30, 1, 0), 2),
    ((2017, 3, 26, 1, 0), 3),
    ((2017, 10, 29, 1, 0), 2),
    ((2018, 3, 25, 1, 0), 3),
    ((2018, 10, 28, 1, 0), 2),
    ((2019, 3, 31, 1, 0), 3),
    ((2019, 10, 27, 1, 0), 2),
    ((2020, 3, 29, 1, 0), 3),
    ((2020, 10, 25, 1, 0), 2),
    ((2021, 3, 28, 1, 0), 3),
    ((2021, 10, 31, 1, 0), 2),
    ((2022, 3, 27, 1, 0), 3),
    ((2022, 10, 30, 1, 0), 2),
    ((2023, 3, 26, 1, 0), 3),
    ((2023, 10, 29, 1, 0), 2),
    ((2024, 3, 31, 1, 0), 3),
    ((2024, 10, 27, 1, 0), 2),
    ((2025, 3, 30, 1, 0), 3),
    ((2025, 10, 26, 1, 0), 2),
    ((2026, 3, 29, 1, 0), 3),
    ((2026, 10, 25, 1, 0), 2),
    ((2027, 3, 28, 1, 0), 3),
    ((2027, 10, 31, 1, 0), 2),
    ((2028, 3, 26, 1, 0), 3),
    ((2028, 10, 29, 1, 0), 2),
    ((2029, 3, 25, 1, 0), 3),
    ((2029, 10, 28, 1, 0), 2),
    ((2030, 3, 31, 1, 0), 3),
    ((2030, 10, 27, 1, 0), 2),
    ((2031, 3, 30, 1, 0), 3),
    ((2031, 10, 26, 1, 0), 2),
    ((2032, 3, 28, 1, 0), 3),
    ((2032, 10, 31, 1, 0), 2),
    ((2033, 3, 27, 1, 0), 3),
    ((2033, 10, 30, 1, 0), 2),
    ((2034, 3, 26, 1, 0), 3),
    ((2034, 10, 29, 1, 0), 2),
    ((2035, 3, 25, 1, 0), 3),
    ((2035, 10, 28, 1, 0), 2),
    ((2036, 3, 30, 1, 0), 3),
    ((2036, 10, 26, 1, 0), 2),
    ((2037, 3, 29, 1, 0), 3),
    ((2037, 10, 25, 1, 0), 2)
]
posix = 'WGT3WGST,M3.5.0/-2,M10.5.0/-1'
