types = [
    ((-4, -44, -32), 0, 'LMT'),
    ((-5, -7, -11), 0, 'KMT'),
    (-5, 0, 'EST'),
    (-4, 1, 'EDT'),
    (-4, 0, 'AST')
]
times = [
    ((1, 1, 2, 0, 0), 0),
    ((1890, 1, 1, 4, 44, 32), 1),
    ((1912, 2, 1, 5, 7, 11), 2),
    ((1979, 4, 29, 7, 0), 3),
    ((1979, 10, 28, 6, 0), 2),
    ((1980, 4, 27, 7, 0), 3),
    ((1980, 10, 26, 6, 0), 2),
    ((1981, 4, 26, 7, 0), 3),
    ((1981, 10, 25, 6, 0), 2),
    ((1982, 4, 25, 7, 0), 3),
    ((1982, 10, 31, 6, 0), 2),
    ((1983, 4, 24, 7, 0), 3),
    ((1983, 10, 30, 6, 0), 2),
    ((1984, 4, 29, 7, 0), 3),
    ((1984, 10, 28, 6, 0), 2),
    ((1985, 4, 28, 7, 0), 3),
    ((1985, 10, 27, 6, 0), 2),
    ((1986, 4, 27, 7, 0), 3),
    ((1986, 10, 26, 6, 0), 2),
    ((1987, 4, 5, 7, 0), 3),
    ((1987, 10, 25, 6, 0), 2),
    ((1988, 4, 3, 7, 0), 3),
    ((1988, 10, 30, 6, 0), 2),
    ((1989, 4, 2, 7, 0), 3),
    ((1989, 10, 29, 6, 0), 2),
    ((1990, 4, 1, 7, 0), 3),
    ((1990, 10, 28, 6, 0), 2),
    ((1991, 4, 7, 7, 0), 3),
    ((1991, 10, 27, 6, 0), 2),
    ((1992, 4, 5, 7, 0), 3),
    ((1992, 10, 25, 6, 0), 2),
    ((1993, 4, 4, 7, 0), 3),
    ((1993, 10, 31, 6, 0), 2),
    ((1994, 4, 3, 7, 0), 3),
    ((1994, 10, 30, 6, 0), 2),
    ((1995, 4, 2, 7, 0), 3),
    ((1995, 10, 29, 6, 0), 2),
    ((1996, 4, 7, 7, 0), 3),
    ((1996, 10, 27, 6, 0), 2),
    ((1997, 4, 6, 7, 0), 3),
    ((1997, 10, 26, 6, 0), 2),
    ((1998, 4, 5, 7, 0), 3),
    ((1998, 10, 25, 6, 0), 2),
    ((1999, 4, 4, 7, 0), 3),
    ((1999, 10, 31, 6, 0), 2),
    ((2000, 4, 2, 7, 0), 3),
    ((2000, 10, 29, 6, 0), 2),
    ((2001, 4, 1, 7, 0), 3),
    ((2001, 10, 28, 6, 0), 2),
    ((2002, 4, 7, 7, 0), 3),
    ((2002, 10, 27, 6, 0), 2),
    ((2003, 4, 6, 7, 0), 3),
    ((2003, 10, 26, 6, 0), 2),
    ((2004, 4, 4, 7, 0), 3),
    ((2004, 10, 31, 6, 0), 2),
    ((2005, 4, 3, 7, 0), 3),
    ((2005, 10, 30, 6, 0), 2),
    ((2006, 4, 2, 7, 0), 3),
    ((2006, 10, 29, 6, 0), 2),
    ((2007, 3, 11, 7, 0), 3),
    ((2007, 11, 4, 6, 0), 2),
    ((2008, 3, 9, 7, 0), 3),
    ((2008, 11, 2, 6, 0), 2),
    ((2009, 3, 8, 7, 0), 3),
    ((2009, 11, 1, 6, 0), 2),
    ((2010, 3, 14, 7, 0), 3),
    ((2010, 11, 7, 6, 0), 2),
    ((2011, 3, 13, 7, 0), 3),
    ((2011, 11, 6, 6, 0), 2),
    ((2012, 3, 11, 7, 0), 3),
    ((2012, 11, 4, 6, 0), 2),
    ((2013, 3, 10, 7, 0), 3),
    ((2013, 11, 3, 6, 0), 2),
    ((2014, 3, 9, 7, 0), 3),
    ((2014, 11, 2, 6, 0), 2),
    ((2015, 3, 8, 7, 0), 3),
    ((2015, 11, 1, 6, 0), 4)
]
posix = 'AST4'
