types = [
    ((-5, -29, -28), 0, 'LMT'),
    ((-5, -29, -36), 0, 'HMT'),
    (-4, 1, 'CDT'),
    (-5, 0, 'CST'),
    (-5, 0, 'CST'),
    (-4, 1, 'CDT')
]
times = [
    ((1, 1, 2, 0, 0), 0),
    ((1890, 1, 1, 5, 29, 28), 1),
    ((1925, 7, 19, 17, 29, 36), 3),
    ((1928, 6, 10, 5, 0), 2),
    ((1928, 10, 10, 4, 0), 3),
    ((1940, 6, 2, 5, 0), 2),
    ((1940, 9, 1, 4, 0), 3),
    ((1941, 6, 1, 5, 0), 2),
    ((1941, 9, 7, 4, 0), 3),
    ((1942, 6, 7, 5, 0), 2),
    ((1942, 9, 6, 4, 0), 3),
    ((1945, 6, 3, 5, 0), 2),
    ((1945, 9, 2, 4, 0), 3),
    ((1946, 6, 2, 5, 0), 2),
    ((1946, 9, 1, 4, 0), 3),
    ((1965, 6, 1, 5, 0), 2),
    ((1965, 9, 30, 4, 0), 3),
    ((1966, 5, 29, 5, 0), 2),
    ((1966, 10, 2, 4, 0), 3),
    ((1967, 4, 8, 5, 0), 2),
    ((1967, 9, 10, 4, 0), 3),
    ((1968, 4, 14, 5, 0), 2),
    ((1968, 9, 8, 4, 0), 3),
    ((1969, 4, 27, 5, 0), 2),
    ((1969, 10, 26, 4, 0), 3),
    ((1970, 4, 26, 5, 0), 2),
    ((1970, 10, 25, 4, 0), 3),
    ((1971, 4, 25, 5, 0), 2),
    ((1971, 10, 31, 4, 0), 3),
    ((1972, 4, 30, 5, 0), 2),
    ((1972, 10, 8, 4, 0), 3),
    ((1973, 4, 29, 5, 0), 2),
    ((1973, 10, 8, 4, 0), 3),
    ((1974, 4, 28, 5, 0), 2),
    ((1974, 10, 8, 4, 0), 3),
    ((1975, 4, 27, 5, 0), 2),
    ((1975, 10, 26, 4, 0), 3),
    ((1976, 4, 25, 5, 0), 2),
    ((1976, 10, 31, 4, 0), 3),
    ((1977, 4, 24, 5, 0), 2),
    ((1977, 10, 30, 4, 0), 3),
    ((1978, 5, 7, 5, 0), 2),
    ((1978, 10, 8, 4, 0), 3),
    ((1979, 3, 18, 5, 0), 2),
    ((1979, 10, 14, 4, 0), 3),
    ((1980, 3, 16, 5, 0), 2),
    ((1980, 10, 12, 4, 0), 3),
    ((1981, 5, 10, 5, 0), 2),
    ((1981, 10, 11, 4, 0), 3),
    ((1982, 5, 9, 5, 0), 2),
    ((1982, 10, 10, 4, 0), 3),
    ((1983, 5, 8, 5, 0), 2),
    ((1983, 10, 9, 4, 0), 3),
    ((1984, 5, 6, 5, 0), 2),
    ((1984, 10, 14, 4, 0), 3),
    ((1985, 5, 5, 5, 0), 2),
    ((1985, 10, 13, 4, 0), 3),
    ((1986, 3, 16, 5, 0), 2),
    ((1986, 10, 12, 4, 0), 3),
    ((1987, 3, 15, 5, 0), 2),
    ((1987, 10, 11, 4, 0), 3),
    ((1988, 3, 20, 5, 0), 2),
    ((1988, 10, 9, 4, 0), 3),
    ((1989, 3, 19, 5, 0), 2),
    ((1989, 10, 8, 4, 0), 3),
    ((1990, 4, 1, 5, 0), 2),
    ((1990, 10, 14, 4, 0), 3),
    ((1991, 4, 7, 5, 0), 2),
    ((1991, 10, 13, 5, 0), 4),
    ((1992, 4, 5, 5, 0), 2),
    ((1992, 10, 11, 5, 0), 4),
    ((1993, 4, 4, 5, 0), 2),
    ((1993, 10, 10, 5, 0), 4),
    ((1994, 4, 3, 5, 0), 2),
    ((1994, 10, 9, 5, 0), 4),
    ((1995, 4, 2, 5, 0), 2),
    ((1995, 10, 8, 5, 0), 4),
    ((1996, 4, 7, 5, 0), 2),
    ((1996, 10, 6, 5, 0), 4),
    ((1997, 4, 6, 5, 0), 2),
    ((1997, 10, 12, 5, 0), 4),
    ((1998, 3, 29, 5, 0), 5),
    ((1998, 10, 25, 5, 0), 4),
    ((1999, 3, 28, 5, 0), 5),
    ((1999, 10, 31, 5, 0), 4),
    ((2000, 4, 2, 5, 0), 5),
    ((2000, 10, 29, 5, 0), 4),
    ((2001, 4, 1, 5, 0), 5),
    ((2001, 10, 28, 5, 0), 4),
    ((2002, 4, 7, 5, 0), 5),
    ((2002, 10, 27, 5, 0), 4),
    ((2003, 4, 6, 5, 0), 5),
    ((2003, 10, 26, 5, 0), 4),
    ((2004, 3, 28, 5, 0), 5),
    ((2006, 10, 29, 5, 0), 4),
    ((2007, 3, 11, 5, 0), 5),
    ((2007, 10, 28, 5, 0), 4),
    ((2008, 3, 16, 5, 0), 5),
    ((2008, 10, 26, 5, 0), 4),
    ((2009, 3, 8, 5, 0), 5),
    ((2009, 10, 25, 5, 0), 4),
    ((2010, 3, 14, 5, 0), 5),
    ((2010, 10, 31, 5, 0), 4),
    ((2011, 3, 20, 5, 0), 5),
    ((2011, 11, 13, 5, 0), 4),
    ((2012, 4, 1, 5, 0), 5),
    ((2012, 11, 4, 5, 0), 4),
    ((2013, 3, 10, 5, 0), 5),
    ((2013, 11, 3, 5, 0), 4),
    ((2014, 3, 9, 5, 0), 5),
    ((2014, 11, 2, 5, 0), 4),
    ((2015, 3, 8, 5, 0), 5),
    ((2015, 11, 1, 5, 0), 4),
    ((2016, 3, 13, 5, 0), 5),
    ((2016, 11, 6, 5, 0), 4),
    ((2017, 3, 12, 5, 0), 5),
    ((2017, 11, 5, 5, 0), 4),
    ((2018, 3, 11, 5, 0), 5),
    ((2018, 11, 4, 5, 0), 4),
    ((2019, 3, 10, 5, 0), 5),
    ((2019, 11, 3, 5, 0), 4),
    ((2020, 3, 8, 5, 0), 5),
    ((2020, 11, 1, 5, 0), 4),
    ((2021, 3, 14, 5, 0), 5),
    ((2021, 11, 7, 5, 0), 4),
    ((2022, 3, 13, 5, 0), 5),
    ((2022, 11, 6, 5, 0), 4),
    ((2023, 3, 12, 5, 0), 5),
    ((2023, 11, 5, 5, 0), 4),
    ((2024, 3, 10, 5, 0), 5),
    ((2024, 11, 3, 5, 0), 4),
    ((2025, 3, 9, 5, 0), 5),
    ((2025, 11, 2, 5, 0), 4),
    ((2026, 3, 8, 5, 0), 5),
    ((2026, 11, 1, 5, 0), 4),
    ((2027, 3, 14, 5, 0), 5),
    ((2027, 11, 7, 5, 0), 4),
    ((2028, 3, 12, 5, 0), 5),
    ((2028, 11, 5, 5, 0), 4),
    ((2029, 3, 11, 5, 0), 5),
    ((2029, 11, 4, 5, 0), 4),
    ((2030, 3, 10, 5, 0), 5),
    ((2030, 11, 3, 5, 0), 4),
    ((2031, 3, 9, 5, 0), 5),
    ((2031, 11, 2, 5, 0), 4),
    ((2032, 3, 14, 5, 0), 5),
    ((2032, 11, 7, 5, 0), 4),
    ((2033, 3, 13, 5, 0), 5),
    ((2033, 11, 6, 5, 0), 4),
    ((2034, 3, 12, 5, 0), 5),
    ((2034, 11, 5, 5, 0), 4),
    ((2035, 3, 11, 5, 0), 5),
    ((2035, 11, 4, 5, 0), 4),
    ((2036, 3, 9, 5, 0), 5),
    ((2036, 11, 2, 5, 0), 4),
    ((2037, 3, 8, 5, 0), 5),
    ((2037, 11, 1, 5, 0), 4)
]
posix = 'CST5CDT,M3.2.0/0,M11.1.0/1'
