types = [
    ((-5, -7, -11), 0, 'LMT'),
    ((-5, -7, -11), 0, 'KMT'),
    (-5, 0, 'EST'),
    (-4, 1, 'EDT')
]
times = [
    ((1, 1, 2, 0, 0), 0),
    ((1890, 1, 1, 5, 7, 11), 1),
    ((1912, 2, 1, 5, 7, 11), 2),
    ((1974, 1, 6, 7, 0), 3),
    ((1974, 10, 27, 6, 0), 2),
    ((1975, 2, 23, 7, 0), 3),
    ((1975, 10, 26, 6, 0), 2),
    ((1976, 4, 25, 7, 0), 3),
    ((1976, 10, 31, 6, 0), 2),
    ((1977, 4, 24, 7, 0), 3),
    ((1977, 10, 30, 6, 0), 2),
    ((1978, 4, 30, 7, 0), 3),
    ((1978, 10, 29, 6, 0), 2),
    ((1979, 4, 29, 7, 0), 3),
    ((1979, 10, 28, 6, 0), 2),
    ((1980, 4, 27, 7, 0), 3),
    ((1980, 10, 26, 6, 0), 2),
    ((1981, 4, 26, 7, 0), 3),
    ((1981, 10, 25, 6, 0), 2),
    ((1982, 4, 25, 7, 0), 3),
    ((1982, 10, 31, 6, 0), 2),
    ((1983, 4, 24, 7, 0), 3),
    ((1983, 10, 30, 6, 0), 2)
]
posix = 'EST5'
