types = [
    ((15, 2, 19), 0, 'LMT'),
    ((-8, -57, -41), 0, 'LMT'),
    (-8, 0, 'PST'),
    (-7, 1, 'PWT'),
    (-7, 1, 'PPT'),
    (-7, 1, 'PDT'),
    (-8, 1, 'YDT'),
    (-9, 0, 'YST'),
    (-8, 1, 'AKDT'),
    (-9, 0, 'AKST')
]
times = [
    ((1, 1, 2, 0, 0), 0),
    ((1867, 10, 17, 8, 57, 41), 1),
    ((1900, 8, 20, 20, 57, 41), 2),
    ((1942, 2, 9, 10, 0), 3),
    ((1945, 8, 14, 23, 0), 4),
    ((1945, 9, 30, 9, 0), 2),
    ((1969, 4, 27, 10, 0), 5),
    ((1969, 10, 26, 9, 0), 2),
    ((1970, 4, 26, 10, 0), 5),
    ((1970, 10, 25, 9, 0), 2),
    ((1971, 4, 25, 10, 0), 5),
    ((1971, 10, 31, 9, 0), 2),
    ((1972, 4, 30, 10, 0), 5),
    ((1972, 10, 29, 9, 0), 2),
    ((1973, 4, 29, 10, 0), 5),
    ((1973, 10, 28, 9, 0), 2),
    ((1974, 1, 6, 10, 0), 5),
    ((1974, 10, 27, 9, 0), 2),
    ((1975, 2, 23, 10, 0), 5),
    ((1975, 10, 26, 9, 0), 2),
    ((1976, 4, 25, 10, 0), 5),
    ((1976, 10, 31, 9, 0), 2),
    ((1977, 4, 24, 10, 0), 5),
    ((1977, 10, 30, 9, 0), 2),
    ((1978, 4, 30, 10, 0), 5),
    ((1978, 10, 29, 9, 0), 2),
    ((1979, 4, 29, 10, 0), 5),
    ((1979, 10, 28, 9, 0), 2),
    ((1980, 4, 27, 10, 0), 6),
    ((1980, 10, 26, 10, 0), 2),
    ((1981, 4, 26, 10, 0), 5),
    ((1981, 10, 25, 9, 0), 2),
    ((1982, 4, 25, 10, 0), 5),
    ((1982, 10, 31, 9, 0), 2),
    ((1983, 4, 24, 10, 0), 5),
    ((1983, 10, 30, 9, 0), 7),
    ((1983, 11, 30, 9, 0), 9),
    ((1984, 4, 29, 11, 0), 8),
    ((1984, 10, 28, 10, 0), 9),
    ((1985, 4, 28, 11, 0), 8),
    ((1985, 10, 27, 10, 0), 9),
    ((1986, 4, 27, 11, 0), 8),
    ((1986, 10, 26, 10, 0), 9),
    ((1987, 4, 5, 11, 0), 8),
    ((1987, 10, 25, 10, 0), 9),
    ((1988, 4, 3, 11, 0), 8),
    ((1988, 10, 30, 10, 0), 9),
    ((1989, 4, 2, 11, 0), 8),
    ((1989, 10, 29, 10, 0), 9),
    ((1990, 4, 1, 11, 0), 8),
    ((1990, 10, 28, 10, 0), 9),
    ((1991, 4, 7, 11, 0), 8),
    ((1991, 10, 27, 10, 0), 9),
    ((1992, 4, 5, 11, 0), 8),
    ((1992, 10, 25, 10, 0), 9),
    ((1993, 4, 4, 11, 0), 8),
    ((1993, 10, 31, 10, 0), 9),
    ((1994, 4, 3, 11, 0), 8),
    ((1994, 10, 30, 10, 0), 9),
    ((1995, 4, 2, 11, 0), 8),
    ((1995, 10, 29, 10, 0), 9),
    ((1996, 4, 7, 11, 0), 8),
    ((1996, 10, 27, 10, 0), 9),
    ((1997, 4, 6, 11, 0), 8),
    ((1997, 10, 26, 10, 0), 9),
    ((1998, 4, 5, 11, 0), 8),
    ((1998, 10, 25, 10, 0), 9),
    ((1999, 4, 4, 11, 0), 8),
    ((1999, 10, 31, 10, 0), 9),
    ((2000, 4, 2, 11, 0), 8),
    ((2000, 10, 29, 10, 0), 9),
    ((2001, 4, 1, 11, 0), 8),
    ((2001, 10, 28, 10, 0), 9),
    ((2002, 4, 7, 11, 0), 8),
    ((2002, 10, 27, 10, 0), 9),
    ((2003, 4, 6, 11, 0), 8),
    ((2003, 10, 26, 10, 0), 9),
    ((2004, 4, 4, 11, 0), 8),
    ((2004, 10, 31, 10, 0), 9),
    ((2005, 4, 3, 11, 0), 8),
    ((2005, 10, 30, 10, 0), 9),
    ((2006, 4, 2, 11, 0), 8),
    ((2006, 10, 29, 10, 0), 9),
    ((2007, 3, 11, 11, 0), 8),
    ((2007, 11, 4, 10, 0), 9),
    ((2008, 3, 9, 11, 0), 8),
    ((2008, 11, 2, 10, 0), 9),
    ((2009, 3, 8, 11, 0), 8),
    ((2009, 11, 1, 10, 0), 9),
    ((2010, 3, 14, 11, 0), 8),
    ((2010, 11, 7, 10, 0), 9),
    ((2011, 3, 13, 11, 0), 8),
    ((2011, 11, 6, 10, 0), 9),
    ((2012, 3, 11, 11, 0), 8),
    ((2012, 11, 4, 10, 0), 9),
    ((2013, 3, 10, 11, 0), 8),
    ((2013, 11, 3, 10, 0), 9),
    ((2014, 3, 9, 11, 0), 8),
    ((2014, 11, 2, 10, 0), 9),
    ((2015, 3, 8, 11, 0), 8),
    ((2015, 11, 1, 10, 0), 9),
    ((2016, 3, 13, 11, 0), 8),
    ((2016, 11, 6, 10, 0), 9),
    ((2017, 3, 12, 11, 0), 8),
    ((2017, 11, 5, 10, 0), 9),
    ((2018, 3, 11, 11, 0), 8),
    ((2018, 11, 4, 10, 0), 9),
    ((2019, 3, 10, 11, 0), 8),
    ((2019, 11, 3, 10, 0), 9),
    ((2020, 3, 8, 11, 0), 8),
    ((2020, 11, 1, 10, 0), 9),
    ((2021, 3, 14, 11, 0), 8),
    ((2021, 11, 7, 10, 0), 9),
    ((2022, 3, 13, 11, 0), 8),
    ((2022, 11, 6, 10, 0), 9),
    ((2023, 3, 12, 11, 0), 8),
    ((2023, 11, 5, 10, 0), 9),
    ((2024, 3, 10, 11, 0), 8),
    ((2024, 11, 3, 10, 0), 9),
    ((2025, 3, 9, 11, 0), 8),
    ((2025, 11, 2, 10, 0), 9),
    ((2026, 3, 8, 11, 0), 8),
    ((2026, 11, 1, 10, 0), 9),
    ((2027, 3, 14, 11, 0), 8),
    ((2027, 11, 7, 10, 0), 9),
    ((2028, 3, 12, 11, 0), 8),
    ((2028, 11, 5, 10, 0), 9),
    ((2029, 3, 11, 11, 0), 8),
    ((2029, 11, 4, 10, 0), 9),
    ((2030, 3, 10, 11, 0), 8),
    ((2030, 11, 3, 10, 0), 9),
    ((2031, 3, 9, 11, 0), 8),
    ((2031, 11, 2, 10, 0), 9),
    ((2032, 3, 14, 11, 0), 8),
    ((2032, 11, 7, 10, 0), 9),
    ((2033, 3, 13, 11, 0), 8),
    ((2033, 11, 6, 10, 0), 9),
    ((2034, 3, 12, 11, 0), 8),
    ((2034, 11, 5, 10, 0), 9),
    ((2035, 3, 11, 11, 0), 8),
    ((2035, 11, 4, 10, 0), 9),
    ((2036, 3, 9, 11, 0), 8),
    ((2036, 11, 2, 10, 0), 9),
    ((2037, 3, 8, 11, 0), 8),
    ((2037, 11, 1, 10, 0), 9)
]
posix = 'AKST9AKDT,M3.2.0,M11.1.0'
