types = [
    ((-5, -8, -12), 0, 'LMT'),
    ((-5, -8, -36), 0, 'LMT'),
    (-4, 1, 'PEST'),
    (-5, 0, 'PET')
]
times = [
    ((1, 1, 2, 0, 0), 0),
    ((1890, 1, 1, 5, 8, 12), 1),
    ((1908, 7, 28, 5, 8, 36), 3),
    ((1938, 1, 1, 5, 0), 2),
    ((1938, 4, 1, 4, 0), 3),
    ((1938, 9, 25, 5, 0), 2),
    ((1939, 3, 26, 4, 0), 3),
    ((1939, 9, 24, 5, 0), 2),
    ((1940, 3, 24, 4, 0), 3),
    ((1986, 1, 1, 5, 0), 2),
    ((1986, 4, 1, 4, 0), 3),
    ((1987, 1, 1, 5, 0), 2),
    ((1987, 4, 1, 4, 0), 3),
    ((1990, 1, 1, 5, 0), 2),
    ((1990, 4, 1, 4, 0), 3),
    ((1994, 1, 1, 5, 0), 2),
    ((1994, 4, 1, 4, 0), 3)
]
posix = 'PET5'
