types = [
    ((-6, -40), 0, 'LMT'),
    (-6, 0, 'CST'),
    (-5, 1, 'CDT')
]
times = [
    ((1, 1, 2, 0, 0), 0),
    ((1922, 1, 1, 6, 0), 1),
    ((1988, 4, 3, 8, 0), 2),
    ((1988, 10, 30, 7, 0), 1),
    ((1996, 4, 7, 8, 0), 2),
    ((1996, 10, 27, 7, 0), 1),
    ((1997, 4, 6, 8, 0), 2),
    ((1997, 10, 26, 7, 0), 1),
    ((1998, 4, 5, 8, 0), 2),
    ((1998, 10, 25, 7, 0), 1),
    ((1999, 4, 4, 8, 0), 2),
    ((1999, 10, 31, 7, 0), 1),
    ((2000, 4, 2, 8, 0), 2),
    ((2000, 10, 29, 7, 0), 1),
    ((2001, 5, 6, 8, 0), 2),
    ((2001, 9, 30, 7, 0), 1),
    ((2002, 4, 7, 8, 0), 2),
    ((2002, 10, 27, 7, 0), 1),
    ((2003, 4, 6, 8, 0), 2),
    ((2003, 10, 26, 7, 0), 1),
    ((2004, 4, 4, 8, 0), 2),
    ((2004, 10, 31, 7, 0), 1),
    ((2005, 4, 3, 8, 0), 2),
    ((2005, 10, 30, 7, 0), 1),
    ((2006, 4, 2, 8, 0), 2),
    ((2006, 10, 29, 7, 0), 1),
    ((2007, 4, 1, 8, 0), 2),
    ((2007, 10, 28, 7, 0), 1),
    ((2008, 4, 6, 8, 0), 2),
    ((2008, 10, 26, 7, 0), 1),
    ((2009, 4, 5, 8, 0), 2),
    ((2009, 10, 25, 7, 0), 1),
    ((2010, 3, 14, 8, 0), 2),
    ((2010, 11, 7, 7, 0), 1),
    ((2011, 3, 13, 8, 0), 2),
    ((2011, 11, 6, 7, 0), 1),
    ((2012, 3, 11, 8, 0), 2),
    ((2012, 11, 4, 7, 0), 1),
    ((2013, 3, 10, 8, 0), 2),
    ((2013, 11, 3, 7, 0), 1),
    ((2014, 3, 9, 8, 0), 2),
    ((2014, 11, 2, 7, 0), 1),
    ((2015, 3, 8, 8, 0), 2),
    ((2015, 11, 1, 7, 0), 1),
    ((2016, 3, 13, 8, 0), 2),
    ((2016, 11, 6, 7, 0), 1),
    ((2017, 3, 12, 8, 0), 2),
    ((2017, 11, 5, 7, 0), 1),
    ((2018, 3, 11, 8, 0), 2),
    ((2018, 11, 4, 7, 0), 1),
    ((2019, 3, 10, 8, 0), 2),
    ((2019, 11, 3, 7, 0), 1),
    ((2020, 3, 8, 8, 0), 2),
    ((2020, 11, 1, 7, 0), 1),
    ((2021, 3, 14, 8, 0), 2),
    ((2021, 11, 7, 7, 0), 1),
    ((2022, 3, 13, 8, 0), 2),
    ((2022, 11, 6, 7, 0), 1),
    ((2023, 3, 12, 8, 0), 2),
    ((2023, 11, 5, 7, 0), 1),
    ((2024, 3, 10, 8, 0), 2),
    ((2024, 11, 3, 7, 0), 1),
    ((2025, 3, 9, 8, 0), 2),
    ((2025, 11, 2, 7, 0), 1),
    ((2026, 3, 8, 8, 0), 2),
    ((2026, 11, 1, 7, 0), 1),
    ((2027, 3, 14, 8, 0), 2),
    ((2027, 11, 7, 7, 0), 1),
    ((2028, 3, 12, 8, 0), 2),
    ((2028, 11, 5, 7, 0), 1),
    ((2029, 3, 11, 8, 0), 2),
    ((2029, 11, 4, 7, 0), 1),
    ((2030, 3, 10, 8, 0), 2),
    ((2030, 11, 3, 7, 0), 1),
    ((2031, 3, 9, 8, 0), 2),
    ((2031, 11, 2, 7, 0), 1),
    ((2032, 3, 14, 8, 0), 2),
    ((2032, 11, 7, 7, 0), 1),
    ((2033, 3, 13, 8, 0), 2),
    ((2033, 11, 6, 7, 0), 1),
    ((2034, 3, 12, 8, 0), 2),
    ((2034, 11, 5, 7, 0), 1),
    ((2035, 3, 11, 8, 0), 2),
    ((2035, 11, 4, 7, 0), 1),
    ((2036, 3, 9, 8, 0), 2),
    ((2036, 11, 2, 7, 0), 1),
    ((2037, 3, 8, 8, 0), 2),
    ((2037, 11, 1, 7, 0), 1)
]
posix = 'CST6CDT,M3.2.0,M11.1.0'
