types = [
    ((-3, -44, -40), 0, 'LMT'),
    (-4, 0, 'AST'),
    (-3, 0, 'PMST'),
    (-2, 1, 'PMDT')
]
times = [
    ((1, 1, 2, 0, 0), 0),
    ((1911, 5, 15, 3, 44, 40), 1),
    ((1980, 5, 1, 4, 0), 2),
    ((1987, 4, 5, 5, 0), 3),
    ((1987, 10, 25, 4, 0), 2),
    ((1988, 4, 3, 5, 0), 3),
    ((1988, 10, 30, 4, 0), 2),
    ((1989, 4, 2, 5, 0), 3),
    ((1989, 10, 29, 4, 0), 2),
    ((1990, 4, 1, 5, 0), 3),
    ((1990, 10, 28, 4, 0), 2),
    ((1991, 4, 7, 5, 0), 3),
    ((1991, 10, 27, 4, 0), 2),
    ((1992, 4, 5, 5, 0), 3),
    ((1992, 10, 25, 4, 0), 2),
    ((1993, 4, 4, 5, 0), 3),
    ((1993, 10, 31, 4, 0), 2),
    ((1994, 4, 3, 5, 0), 3),
    ((1994, 10, 30, 4, 0), 2),
    ((1995, 4, 2, 5, 0), 3),
    ((1995, 10, 29, 4, 0), 2),
    ((1996, 4, 7, 5, 0), 3),
    ((1996, 10, 27, 4, 0), 2),
    ((1997, 4, 6, 5, 0), 3),
    ((1997, 10, 26, 4, 0), 2),
    ((1998, 4, 5, 5, 0), 3),
    ((1998, 10, 25, 4, 0), 2),
    ((1999, 4, 4, 5, 0), 3),
    ((1999, 10, 31, 4, 0), 2),
    ((2000, 4, 2, 5, 0), 3),
    ((2000, 10, 29, 4, 0), 2),
    ((2001, 4, 1, 5, 0), 3),
    ((2001, 10, 28, 4, 0), 2),
    ((2002, 4, 7, 5, 0), 3),
    ((2002, 10, 27, 4, 0), 2),
    ((2003, 4, 6, 5, 0), 3),
    ((2003, 10, 26, 4, 0), 2),
    ((2004, 4, 4, 5, 0), 3),
    ((2004, 10, 31, 4, 0), 2),
    ((2005, 4, 3, 5, 0), 3),
    ((2005, 10, 30, 4, 0), 2),
    ((2006, 4, 2, 5, 0), 3),
    ((2006, 10, 29, 4, 0), 2),
    ((2007, 3, 11, 5, 0), 3),
    ((2007, 11, 4, 4, 0), 2),
    ((2008, 3, 9, 5, 0), 3),
    ((2008, 11, 2, 4, 0), 2),
    ((2009, 3, 8, 5, 0), 3),
    ((2009, 11, 1, 4, 0), 2),
    ((2010, 3, 14, 5, 0), 3),
    ((2010, 11, 7, 4, 0), 2),
    ((2011, 3, 13, 5, 0), 3),
    ((2011, 11, 6, 4, 0), 2),
    ((2012, 3, 11, 5, 0), 3),
    ((2012, 11, 4, 4, 0), 2),
    ((2013, 3, 10, 5, 0), 3),
    ((2013, 11, 3, 4, 0), 2),
    ((2014, 3, 9, 5, 0), 3),
    ((2014, 11, 2, 4, 0), 2),
    ((2015, 3, 8, 5, 0), 3),
    ((2015, 11, 1, 4, 0), 2),
    ((2016, 3, 13, 5, 0), 3),
    ((2016, 11, 6, 4, 0), 2),
    ((2017, 3, 12, 5, 0), 3),
    ((2017, 11, 5, 4, 0), 2),
    ((2018, 3, 11, 5, 0), 3),
    ((2018, 11, 4, 4, 0), 2),
    ((2019, 3, 10, 5, 0), 3),
    ((2019, 11, 3, 4, 0), 2),
    ((2020, 3, 8, 5, 0), 3),
    ((2020, 11, 1, 4, 0), 2),
    ((2021, 3, 14, 5, 0), 3),
    ((2021, 11, 7, 4, 0), 2),
    ((2022, 3, 13, 5, 0), 3),
    ((2022, 11, 6, 4, 0), 2),
    ((2023, 3, 12, 5, 0), 3),
    ((2023, 11, 5, 4, 0), 2),
    ((2024, 3, 10, 5, 0), 3),
    ((2024, 11, 3, 4, 0), 2),
    ((2025, 3, 9, 5, 0), 3),
    ((2025, 11, 2, 4, 0), 2),
    ((2026, 3, 8, 5, 0), 3),
    ((2026, 11, 1, 4, 0), 2),
    ((2027, 3, 14, 5, 0), 3),
    ((2027, 11, 7, 4, 0), 2),
    ((2028, 3, 12, 5, 0), 3),
    ((2028, 11, 5, 4, 0), 2),
    ((2029, 3, 11, 5, 0), 3),
    ((2029, 11, 4, 4, 0), 2),
    ((2030, 3, 10, 5, 0), 3),
    ((2030, 11, 3, 4, 0), 2),
    ((2031, 3, 9, 5, 0), 3),
    ((2031, 11, 2, 4, 0), 2),
    ((2032, 3, 14, 5, 0), 3),
    ((2032, 11, 7, 4, 0), 2),
    ((2033, 3, 13, 5, 0), 3),
    ((2033, 11, 6, 4, 0), 2),
    ((2034, 3, 12, 5, 0), 3),
    ((2034, 11, 5, 4, 0), 2),
    ((2035, 3, 11, 5, 0), 3),
    ((2035, 11, 4, 4, 0), 2),
    ((2036, 3, 9, 5, 0), 3),
    ((2036, 11, 2, 4, 0), 2),
    ((2037, 3, 8, 5, 0), 3),
    ((2037, 11, 1, 4, 0), 2)
]
posix = 'PMST3PMDT,M3.2.0,M11.1.0'
