types = [
    ((-4, -19, -8), 0, 'LMT'),
    (-5, 0, 'EST'),
    (-3, 1, 'ADT'),
    (-4, 0, 'AST'),
    (-3, 1, 'AWT'),
    (-3, 1, 'APT')
]
times = [
    ((1, 1, 2, 0, 0), 0),
    ((1883, 12, 9, 4, 19, 8), 1),
    ((1902, 6, 15, 5, 0), 3),
    ((1918, 4, 14, 6, 0), 2),
    ((1918, 10, 27, 5, 0), 3),
    ((1933, 6, 11, 5, 0), 2),
    ((1933, 9, 10, 4, 0), 3),
    ((1934, 6, 10, 5, 0), 2),
    ((1934, 9, 9, 4, 0), 3),
    ((1935, 6, 9, 5, 0), 2),
    ((1935, 9, 8, 4, 0), 3),
    ((1936, 6, 7, 5, 0), 2),
    ((1936, 9, 6, 4, 0), 3),
    ((1937, 6, 6, 5, 0), 2),
    ((1937, 9, 5, 4, 0), 3),
    ((1938, 6, 5, 5, 0), 2),
    ((1938, 9, 4, 4, 0), 3),
    ((1939, 5, 27, 5, 0), 2),
    ((1939, 9, 23, 4, 0), 3),
    ((1940, 5, 19, 5, 0), 2),
    ((1940, 9, 21, 4, 0), 3),
    ((1941, 5, 4, 5, 0), 2),
    ((1941, 9, 27, 4, 0), 3),
    ((1942, 2, 9, 6, 0), 4),
    ((1945, 8, 14, 23, 0), 5),
    ((1945, 9, 30, 5, 0), 3),
    ((1946, 4, 28, 6, 0), 2),
    ((1946, 9, 29, 5, 0), 3),
    ((1947, 4, 27, 6, 0), 2),
    ((1947, 9, 28, 5, 0), 3),
    ((1948, 4, 25, 6, 0), 2),
    ((1948, 9, 26, 5, 0), 3),
    ((1949, 4, 24, 6, 0), 2),
    ((1949, 9, 25, 5, 0), 3),
    ((1950, 4, 30, 6, 0), 2),
    ((1950, 9, 24, 5, 0), 3),
    ((1951, 4, 29, 6, 0), 2),
    ((1951, 9, 30, 5, 0), 3),
    ((1952, 4, 27, 6, 0), 2),
    ((1952, 9, 28, 5, 0), 3),
    ((1953, 4, 26, 6, 0), 2),
    ((1953, 9, 27, 5, 0), 3),
    ((1954, 4, 25, 6, 0), 2),
    ((1954, 9, 26, 5, 0), 3),
    ((1955, 4, 24, 6, 0), 2),
    ((1955, 9, 25, 5, 0), 3),
    ((1956, 4, 29, 6, 0), 2),
    ((1956, 9, 30, 5, 0), 3),
    ((1957, 4, 28, 6, 0), 2),
    ((1957, 10, 27, 5, 0), 3),
    ((1958, 4, 27, 6, 0), 2),
    ((1958, 10, 26, 5, 0), 3),
    ((1959, 4, 26, 6, 0), 2),
    ((1959, 10, 25, 5, 0), 3),
    ((1960, 4, 24, 6, 0), 2),
    ((1960, 10, 30, 5, 0), 3),
    ((1961, 4, 30, 6, 0), 2),
    ((1961, 10, 29, 5, 0), 3),
    ((1962, 4, 29, 6, 0), 2),
    ((1962, 10, 28, 5, 0), 3),
    ((1963, 4, 28, 6, 0), 2),
    ((1963, 10, 27, 5, 0), 3),
    ((1964, 4, 26, 6, 0), 2),
    ((1964, 10, 25, 5, 0), 3),
    ((1965, 4, 25, 6, 0), 2),
    ((1965, 10, 31, 5, 0), 3),
    ((1966, 4, 24, 6, 0), 2),
    ((1966, 10, 30, 5, 0), 3),
    ((1967, 4, 30, 6, 0), 2),
    ((1967, 10, 29, 5, 0), 3),
    ((1968, 4, 28, 6, 0), 2),
    ((1968, 10, 27, 5, 0), 3),
    ((1969, 4, 27, 6, 0), 2),
    ((1969, 10, 26, 5, 0), 3),
    ((1970, 4, 26, 6, 0), 2),
    ((1970, 10, 25, 5, 0), 3),
    ((1971, 4, 25, 6, 0), 2),
    ((1971, 10, 31, 5, 0), 3),
    ((1972, 4, 30, 6, 0), 2),
    ((1972, 10, 29, 5, 0), 3),
    ((1974, 4, 28, 6, 0), 2),
    ((1974, 10, 27, 5, 0), 3),
    ((1975, 4, 27, 6, 0), 2),
    ((1975, 10, 26, 5, 0), 3),
    ((1976, 4, 25, 6, 0), 2),
    ((1976, 10, 31, 5, 0), 3),
    ((1977, 4, 24, 6, 0), 2),
    ((1977, 10, 30, 5, 0), 3),
    ((1978, 4, 30, 6, 0), 2),
    ((1978, 10, 29, 5, 0), 3),
    ((1979, 4, 29, 6, 0), 2),
    ((1979, 10, 28, 5, 0), 3),
    ((1980, 4, 27, 6, 0), 2),
    ((1980, 10, 26, 5, 0), 3),
    ((1981, 4, 26, 6, 0), 2),
    ((1981, 10, 25, 5, 0), 3),
    ((1982, 4, 25, 6, 0), 2),
    ((1982, 10, 31, 5, 0), 3),
    ((1983, 4, 24, 6, 0), 2),
    ((1983, 10, 30, 5, 0), 3),
    ((1984, 4, 29, 6, 0), 2),
    ((1984, 10, 28, 5, 0), 3),
    ((1985, 4, 28, 6, 0), 2),
    ((1985, 10, 27, 5, 0), 3),
    ((1986, 4, 27, 6, 0), 2),
    ((1986, 10, 26, 5, 0), 3),
    ((1987, 4, 5, 6, 0), 2),
    ((1987, 10, 25, 5, 0), 3),
    ((1988, 4, 3, 6, 0), 2),
    ((1988, 10, 30, 5, 0), 3),
    ((1989, 4, 2, 6, 0), 2),
    ((1989, 10, 29, 5, 0), 3),
    ((1990, 4, 1, 6, 0), 2),
    ((1990, 10, 28, 5, 0), 3),
    ((1991, 4, 7, 6, 0), 2),
    ((1991, 10, 27, 5, 0), 3),
    ((1992, 4, 5, 6, 0), 2),
    ((1992, 10, 25, 5, 0), 3),
    ((1993, 4, 4, 4, 1), 2),
    ((1993, 10, 31, 3, 1), 3),
    ((1994, 4, 3, 4, 1), 2),
    ((1994, 10, 30, 3, 1), 3),
    ((1995, 4, 2, 4, 1), 2),
    ((1995, 10, 29, 3, 1), 3),
    ((1996, 4, 7, 4, 1), 2),
    ((1996, 10, 27, 3, 1), 3),
    ((1997, 4, 6, 4, 1), 2),
    ((1997, 10, 26, 3, 1), 3),
    ((1998, 4, 5, 4, 1), 2),
    ((1998, 10, 25, 3, 1), 3),
    ((1999, 4, 4, 4, 1), 2),
    ((1999, 10, 31, 3, 1), 3),
    ((2000, 4, 2, 4, 1), 2),
    ((2000, 10, 29, 3, 1), 3),
    ((2001, 4, 1, 4, 1), 2),
    ((2001, 10, 28, 3, 1), 3),
    ((2002, 4, 7, 4, 1), 2),
    ((2002, 10, 27, 3, 1), 3),
    ((2003, 4, 6, 4, 1), 2),
    ((2003, 10, 26, 3, 1), 3),
    ((2004, 4, 4, 4, 1), 2),
    ((2004, 10, 31, 3, 1), 3),
    ((2005, 4, 3, 4, 1), 2),
    ((2005, 10, 30, 3, 1), 3),
    ((2006, 4, 2, 4, 1), 2),
    ((2006, 10, 29, 3, 1), 3),
    ((2007, 3, 11, 6, 0), 2),
    ((2007, 11, 4, 5, 0), 3),
    ((2008, 3, 9, 6, 0), 2),
    ((2008, 11, 2, 5, 0), 3),
    ((2009, 3, 8, 6, 0), 2),
    ((2009, 11, 1, 5, 0), 3),
    ((2010, 3, 14, 6, 0), 2),
    ((2010, 11, 7, 5, 0), 3),
    ((2011, 3, 13, 6, 0), 2),
    ((2011, 11, 6, 5, 0), 3),
    ((2012, 3, 11, 6, 0), 2),
    ((2012, 11, 4, 5, 0), 3),
    ((2013, 3, 10, 6, 0), 2),
    ((2013, 11, 3, 5, 0), 3),
    ((2014, 3, 9, 6, 0), 2),
    ((2014, 11, 2, 5, 0), 3),
    ((2015, 3, 8, 6, 0), 2),
    ((2015, 11, 1, 5, 0), 3),
    ((2016, 3, 13, 6, 0), 2),
    ((2016, 11, 6, 5, 0), 3),
    ((2017, 3, 12, 6, 0), 2),
    ((2017, 11, 5, 5, 0), 3),
    ((2018, 3, 11, 6, 0), 2),
    ((2018, 11, 4, 5, 0), 3),
    ((2019, 3, 10, 6, 0), 2),
    ((2019, 11, 3, 5, 0), 3),
    ((2020, 3, 8, 6, 0), 2),
    ((2020, 11, 1, 5, 0), 3),
    ((2021, 3, 14, 6, 0), 2),
    ((2021, 11, 7, 5, 0), 3),
    ((2022, 3, 13, 6, 0), 2),
    ((2022, 11, 6, 5, 0), 3),
    ((2023, 3, 12, 6, 0), 2),
    ((2023, 11, 5, 5, 0), 3),
    ((2024, 3, 10, 6, 0), 2),
    ((2024, 11, 3, 5, 0), 3),
    ((2025, 3, 9, 6, 0), 2),
    ((2025, 11, 2, 5, 0), 3),
    ((2026, 3, 8, 6, 0), 2),
    ((2026, 11, 1, 5, 0), 3),
    ((2027, 3, 14, 6, 0), 2),
    ((2027, 11, 7, 5, 0), 3),
    ((2028, 3, 12, 6, 0), 2),
    ((2028, 11, 5, 5, 0), 3),
    ((2029, 3, 11, 6, 0), 2),
    ((2029, 11, 4, 5, 0), 3),
    ((2030, 3, 10, 6, 0), 2),
    ((2030, 11, 3, 5, 0), 3),
    ((2031, 3, 9, 6, 0), 2),
    ((2031, 11, 2, 5, 0), 3),
    ((2032, 3, 14, 6, 0), 2),
    ((2032, 11, 7, 5, 0), 3),
    ((2033, 3, 13, 6, 0), 2),
    ((2033, 11, 6, 5, 0), 3),
    ((2034, 3, 12, 6, 0), 2),
    ((2034, 11, 5, 5, 0), 3),
    ((2035, 3, 11, 6, 0), 2),
    ((2035, 11, 4, 5, 0), 3),
    ((2036, 3, 9, 6, 0), 2),
    ((2036, 11, 2, 5, 0), 3),
    ((2037, 3, 8, 6, 0), 2),
    ((2037, 11, 1, 5, 0), 3)
]
posix = 'AST4ADT,M3.2.0,M11.1.0'
