types = [
    ((-6, -41, -16), 0, 'LMT'),
    (-6, 0, 'CST'),
    (-5, 1, 'CDT')
]
times = [
    ((1, 1, 2, 0, 0), 0),
    ((1922, 1, 1, 6, 0), 1),
    ((1988, 4, 3, 8, 0), 2),
    ((1988, 10, 30, 7, 0), 1),
    ((1996, 4, 7, 8, 0), 2),
    ((1996, 10, 27, 7, 0), 1),
    ((1997, 4, 6, 8, 0), 2),
    ((1997, 10, 26, 7, 0), 1),
    ((1998, 4, 5, 8, 0), 2),
    ((1998, 10, 25, 7, 0), 1),
    ((1999, 4, 4, 8, 0), 2),
    ((1999, 10, 31, 7, 0), 1),
    ((2000, 4, 2, 8, 0), 2),
    ((2000, 10, 29, 7, 0), 1),
    ((2001, 5, 6, 8, 0), 2),
    ((2001, 9, 30, 7, 0), 1),
    ((2002, 4, 7, 8, 0), 2),
    ((2002, 10, 27, 7, 0), 1),
    ((2003, 4, 6, 8, 0), 2),
    ((2003, 10, 26, 7, 0), 1),
    ((2004, 4, 4, 8, 0), 2),
    ((2004, 10, 31, 7, 0), 1),
    ((2005, 4, 3, 8, 0), 2),
    ((2005, 10, 30, 7, 0), 1),
    ((2006, 4, 2, 8, 0), 2),
    ((2006, 10, 29, 7, 0), 1),
    ((2007, 4, 1, 8, 0), 2),
    ((2007, 10, 28, 7, 0), 1),
    ((2008, 4, 6, 8, 0), 2),
    ((2008, 10, 26, 7, 0), 1),
    ((2009, 4, 5, 8, 0), 2),
    ((2009, 10, 25, 7, 0), 1),
    ((2010, 4, 4, 8, 0), 2),
    ((2010, 10, 31, 7, 0), 1),
    ((2011, 4, 3, 8, 0), 2),
    ((2011, 10, 30, 7, 0), 1),
    ((2012, 4, 1, 8, 0), 2),
    ((2012, 10, 28, 7, 0), 1),
    ((2013, 4, 7, 8, 0), 2),
    ((2013, 10, 27, 7, 0), 1),
    ((2014, 4, 6, 8, 0), 2),
    ((2014, 10, 26, 7, 0), 1),
    ((2015, 4, 5, 8, 0), 2),
    ((2015, 10, 25, 7, 0), 1),
    ((2016, 4, 3, 8, 0), 2),
    ((2016, 10, 30, 7, 0), 1),
    ((2017, 4, 2, 8, 0), 2),
    ((2017, 10, 29, 7, 0), 1),
    ((2018, 4, 1, 8, 0), 2),
    ((2018, 10, 28, 7, 0), 1),
    ((2019, 4, 7, 8, 0), 2),
    ((2019, 10, 27, 7, 0), 1),
    ((2020, 4, 5, 8, 0), 2),
    ((2020, 10, 25, 7, 0), 1),
    ((2021, 4, 4, 8, 0), 2),
    ((2021, 10, 31, 7, 0), 1),
    ((2022, 4, 3, 8, 0), 2),
    ((2022, 10, 30, 7, 0), 1),
    ((2023, 4, 2, 8, 0), 2),
    ((2023, 10, 29, 7, 0), 1),
    ((2024, 4, 7, 8, 0), 2),
    ((2024, 10, 27, 7, 0), 1),
    ((2025, 4, 6, 8, 0), 2),
    ((2025, 10, 26, 7, 0), 1),
    ((2026, 4, 5, 8, 0), 2),
    ((2026, 10, 25, 7, 0), 1),
    ((2027, 4, 4, 8, 0), 2),
    ((2027, 10, 31, 7, 0), 1),
    ((2028, 4, 2, 8, 0), 2),
    ((2028, 10, 29, 7, 0), 1),
    ((2029, 4, 1, 8, 0), 2),
    ((2029, 10, 28, 7, 0), 1),
    ((2030, 4, 7, 8, 0), 2),
    ((2030, 10, 27, 7, 0), 1),
    ((2031, 4, 6, 8, 0), 2),
    ((2031, 10, 26, 7, 0), 1),
    ((2032, 4, 4, 8, 0), 2),
    ((2032, 10, 31, 7, 0), 1),
    ((2033, 4, 3, 8, 0), 2),
    ((2033, 10, 30, 7, 0), 1),
    ((2034, 4, 2, 8, 0), 2),
    ((2034, 10, 29, 7, 0), 1),
    ((2035, 4, 1, 8, 0), 2),
    ((2035, 10, 28, 7, 0), 1),
    ((2036, 4, 6, 8, 0), 2),
    ((2036, 10, 26, 7, 0), 1),
    ((2037, 4, 5, 8, 0), 2),
    ((2037, 10, 25, 7, 0), 1)
]
posix = 'CST6CDT,M4.1.0,M10.5.0'
