types = [
    ((-6, -57, -40), 0, 'LMT'),
    (-7, 0, 'MST'),
    (-6, 0, 'CST'),
    (-5, 1, 'CDT'),
    (-6, 1, 'MDT'),
    (-7, 0, 'MST')
]
times = [
    ((1, 1, 2, 0, 0), 0),
    ((1922, 1, 1, 7, 0), 1),
    ((1927, 6, 11, 6, 0), 2),
    ((1930, 11, 15, 6, 0), 1),
    ((1931, 5, 2, 6, 0), 2),
    ((1931, 10, 1, 6, 0), 1),
    ((1932, 4, 1, 7, 0), 2),
    ((1996, 4, 7, 8, 0), 3),
    ((1996, 10, 27, 7, 0), 2),
    ((1997, 4, 6, 8, 0), 3),
    ((1997, 10, 26, 7, 0), 2),
    ((1998, 4, 5, 9, 0), 4),
    ((1998, 10, 25, 8, 0), 1),
    ((1999, 4, 4, 9, 0), 4),
    ((1999, 10, 31, 8, 0), 1),
    ((2000, 4, 2, 9, 0), 4),
    ((2000, 10, 29, 8, 0), 1),
    ((2001, 5, 6, 9, 0), 4),
    ((2001, 9, 30, 8, 0), 1),
    ((2002, 4, 7, 9, 0), 4),
    ((2002, 10, 27, 8, 0), 1),
    ((2003, 4, 6, 9, 0), 4),
    ((2003, 10, 26, 8, 0), 1),
    ((2004, 4, 4, 9, 0), 4),
    ((2004, 10, 31, 8, 0), 1),
    ((2005, 4, 3, 9, 0), 4),
    ((2005, 10, 30, 8, 0), 1),
    ((2006, 4, 2, 9, 0), 4),
    ((2006, 10, 29, 8, 0), 1),
    ((2007, 4, 1, 9, 0), 4),
    ((2007, 10, 28, 8, 0), 1),
    ((2008, 4, 6, 9, 0), 4),
    ((2008, 10, 26, 8, 0), 1),
    ((2009, 4, 5, 9, 0), 4),
    ((2009, 10, 25, 8, 0), 1),
    ((2010, 3, 14, 9, 0), 4),
    ((2010, 11, 7, 8, 0), 1),
    ((2011, 3, 13, 9, 0), 4),
    ((2011, 11, 6, 8, 0), 1),
    ((2012, 3, 11, 9, 0), 4),
    ((2012, 11, 4, 8, 0), 1),
    ((2013, 3, 10, 9, 0), 4),
    ((2013, 11, 3, 8, 0), 1),
    ((2014, 3, 9, 9, 0), 4),
    ((2014, 11, 2, 8, 0), 1),
    ((2015, 3, 8, 9, 0), 4),
    ((2015, 11, 1, 8, 0), 1),
    ((2016, 3, 13, 9, 0), 4),
    ((2016, 11, 6, 8, 0), 1),
    ((2017, 3, 12, 9, 0), 4),
    ((2017, 11, 5, 8, 0), 1),
    ((2018, 3, 11, 9, 0), 4),
    ((2018, 11, 4, 8, 0), 1),
    ((2019, 3, 10, 9, 0), 4),
    ((2019, 11, 3, 8, 0), 1),
    ((2020, 3, 8, 9, 0), 4),
    ((2020, 11, 1, 8, 0), 1),
    ((2021, 3, 14, 9, 0), 4),
    ((2021, 11, 7, 8, 0), 1),
    ((2022, 3, 13, 9, 0), 4),
    ((2022, 11, 6, 8, 0), 1),
    ((2023, 3, 12, 9, 0), 4),
    ((2023, 11, 5, 8, 0), 1),
    ((2024, 3, 10, 9, 0), 4),
    ((2024, 11, 3, 8, 0), 1),
    ((2025, 3, 9, 9, 0), 4),
    ((2025, 11, 2, 8, 0), 1),
    ((2026, 3, 8, 9, 0), 4),
    ((2026, 11, 1, 8, 0), 1),
    ((2027, 3, 14, 9, 0), 4),
    ((2027, 11, 7, 8, 0), 1),
    ((2028, 3, 12, 9, 0), 4),
    ((2028, 11, 5, 8, 0), 1),
    ((2029, 3, 11, 9, 0), 4),
    ((2029, 11, 4, 8, 0), 1),
    ((2030, 3, 10, 9, 0), 4),
    ((2030, 11, 3, 8, 0), 1),
    ((2031, 3, 9, 9, 0), 4),
    ((2031, 11, 2, 8, 0), 1),
    ((2032, 3, 14, 9, 0), 4),
    ((2032, 11, 7, 8, 0), 1),
    ((2033, 3, 13, 9, 0), 4),
    ((2033, 11, 6, 8, 0), 1),
    ((2034, 3, 12, 9, 0), 4),
    ((2034, 11, 5, 8, 0), 1),
    ((2035, 3, 11, 9, 0), 4),
    ((2035, 11, 4, 8, 0), 1),
    ((2036, 3, 9, 9, 0), 4),
    ((2036, 11, 2, 8, 0), 1),
    ((2037, 3, 8, 9, 0), 4),
    ((2037, 11, 1, 8, 0), 1)
]
posix = 'MST7MDT,M3.2.0,M11.1.0'
