types = [
    ((-4, -15, -36), 0, 'LMT'),
    (-3, 1, 'AMST'),
    (-4, 0, 'AMT')
]
times = [
    ((1, 1, 2, 0, 0), 0),
    ((1914, 1, 1, 4, 15, 36), 2),
    ((1931, 10, 3, 15, 0), 1),
    ((1932, 4, 1, 3, 0), 2),
    ((1932, 10, 3, 4, 0), 1),
    ((1933, 4, 1, 3, 0), 2),
    ((1949, 12, 1, 4, 0), 1),
    ((1950, 4, 16, 4, 0), 2),
    ((1950, 12, 1, 4, 0), 1),
    ((1951, 4, 1, 3, 0), 2),
    ((1951, 12, 1, 4, 0), 1),
    ((1952, 4, 1, 3, 0), 2),
    ((1952, 12, 1, 4, 0), 1),
    ((1953, 3, 1, 3, 0), 2),
    ((1963, 12, 9, 4, 0), 1),
    ((1964, 3, 1, 3, 0), 2),
    ((1965, 1, 31, 4, 0), 1),
    ((1965, 3, 31, 3, 0), 2),
    ((1965, 12, 1, 4, 0), 1),
    ((1966, 3, 1, 3, 0), 2),
    ((1966, 11, 1, 4, 0), 1),
    ((1967, 3, 1, 3, 0), 2),
    ((1967, 11, 1, 4, 0), 1),
    ((1968, 3, 1, 3, 0), 2),
    ((1985, 11, 2, 4, 0), 1),
    ((1986, 3, 15, 3, 0), 2),
    ((1986, 10, 25, 4, 0), 1),
    ((1987, 2, 14, 3, 0), 2),
    ((1987, 10, 25, 4, 0), 1),
    ((1988, 2, 7, 3, 0), 2)
]
posix = 'AMT4'
