types = [
    ((-2, -19, -36), 0, 'LMT'),
    (-2, 1, 'BRST'),
    (-3, 0, 'BRT')
]
times = [
    ((1, 1, 2, 0, 0), 0),
    ((1914, 1, 1, 2, 19, 36), 2),
    ((1931, 10, 3, 14, 0), 1),
    ((1932, 4, 1, 2, 0), 2),
    ((1932, 10, 3, 3, 0), 1),
    ((1933, 4, 1, 2, 0), 2),
    ((1949, 12, 1, 3, 0), 1),
    ((1950, 4, 16, 3, 0), 2),
    ((1950, 12, 1, 3, 0), 1),
    ((1951, 4, 1, 2, 0), 2),
    ((1951, 12, 1, 3, 0), 1),
    ((1952, 4, 1, 2, 0), 2),
    ((1952, 12, 1, 3, 0), 1),
    ((1953, 3, 1, 2, 0), 2),
    ((1963, 12, 9, 3, 0), 1),
    ((1964, 3, 1, 2, 0), 2),
    ((1965, 1, 31, 3, 0), 1),
    ((1965, 3, 31, 2, 0), 2),
    ((1965, 12, 1, 3, 0), 1),
    ((1966, 3, 1, 2, 0), 2),
    ((1966, 11, 1, 3, 0), 1),
    ((1967, 3, 1, 2, 0), 2),
    ((1967, 11, 1, 3, 0), 1),
    ((1968, 3, 1, 2, 0), 2),
    ((1985, 11, 2, 3, 0), 1),
    ((1986, 3, 15, 2, 0), 2),
    ((1986, 10, 25, 3, 0), 1),
    ((1987, 2, 14, 2, 0), 2),
    ((1987, 10, 25, 3, 0), 1),
    ((1988, 2, 7, 2, 0), 2),
    ((1988, 10, 16, 3, 0), 1),
    ((1989, 1, 29, 2, 0), 2),
    ((1989, 10, 15, 3, 0), 1),
    ((1990, 2, 11, 2, 0), 2),
    ((1999, 10, 3, 3, 0), 1),
    ((2000, 2, 27, 2, 0), 2),
    ((2000, 10, 8, 3, 0), 1),
    ((2000, 10, 15, 2, 0), 2),
    ((2001, 10, 14, 3, 0), 1),
    ((2002, 2, 17, 2, 0), 2)
]
posix = 'BRT3'
