types = [
    ((-6, -58, -36), 0, 'LMT'),
    (-6, 1, 'MDT'),
    (-7, 0, 'MST'),
    (-6, 1, 'MWT'),
    (-6, 1, 'MPT'),
    (-6, 0, 'CST')
]
times = [
    ((1, 1, 2, 0, 0), 0),
    ((1905, 9, 1, 6, 58, 36), 2),
    ((1918, 4, 14, 9, 0), 1),
    ((1918, 10, 27, 8, 0), 2),
    ((1930, 5, 4, 7, 0), 1),
    ((1930, 10, 5, 6, 0), 2),
    ((1931, 5, 3, 7, 0), 1),
    ((1931, 10, 4, 6, 0), 2),
    ((1932, 5, 1, 7, 0), 1),
    ((1932, 10, 2, 6, 0), 2),
    ((1933, 5, 7, 7, 0), 1),
    ((1933, 10, 1, 6, 0), 2),
    ((1934, 5, 6, 7, 0), 1),
    ((1934, 10, 7, 6, 0), 2),
    ((1937, 4, 11, 7, 0), 1),
    ((1937, 10, 10, 6, 0), 2),
    ((1938, 4, 10, 7, 0), 1),
    ((1938, 10, 2, 6, 0), 2),
    ((1939, 4, 9, 7, 0), 1),
    ((1939, 10, 8, 6, 0), 2),
    ((1940, 4, 14, 7, 0), 1),
    ((1940, 10, 13, 6, 0), 2),
    ((1941, 4, 13, 7, 0), 1),
    ((1941, 10, 12, 6, 0), 2),
    ((1942, 2, 9, 9, 0), 3),
    ((1945, 8, 14, 23, 0), 4),
    ((1945, 9, 30, 8, 0), 2),
    ((1946, 4, 14, 9, 0), 1),
    ((1946, 10, 13, 8, 0), 2),
    ((1947, 4, 27, 9, 0), 1),
    ((1947, 9, 28, 8, 0), 2),
    ((1948, 4, 25, 9, 0), 1),
    ((1948, 9, 26, 8, 0), 2),
    ((1949, 4, 24, 9, 0), 1),
    ((1949, 9, 25, 8, 0), 2),
    ((1950, 4, 30, 9, 0), 1),
    ((1950, 9, 24, 8, 0), 2),
    ((1951, 4, 29, 9, 0), 1),
    ((1951, 9, 30, 8, 0), 2),
    ((1952, 4, 27, 9, 0), 1),
    ((1952, 9, 28, 8, 0), 2),
    ((1953, 4, 26, 9, 0), 1),
    ((1953, 9, 27, 8, 0), 2),
    ((1954, 4, 25, 9, 0), 1),
    ((1954, 9, 26, 8, 0), 2),
    ((1955, 4, 24, 9, 0), 1),
    ((1955, 9, 25, 8, 0), 2),
    ((1956, 4, 29, 9, 0), 1),
    ((1956, 9, 30, 8, 0), 2),
    ((1957, 4, 28, 9, 0), 1),
    ((1957, 9, 29, 8, 0), 2),
    ((1959, 4, 26, 9, 0), 1),
    ((1959, 10, 25, 8, 0), 2),
    ((1960, 4, 24, 9, 0), 5)
]
posix = 'CST6'
