types = [
    ((-3, -30, -52), 0, 'LMT'),
    ((-2, -30, -52), 1, 'NDT'),
    ((-3, -30, -52), 0, 'NST'),
    ((-2, -30), 1, 'NDT'),
    ((-3, -30), 0, 'NST'),
    ((-2, -30), 1, 'NPT'),
    ((-2, -30), 1, 'NWT'),
    ((-1, -30), 2, 'NDDT'),
    ((-2, -30), 1, 'NDT')
]
times = [
    ((1, 1, 2, 0, 0), 0),
    ((1884, 1, 1, 3, 30, 52), 2),
    ((1917, 4, 8, 5, 30, 52), 1),
    ((1917, 9, 17, 4, 30, 52), 2),
    ((1918, 4, 14, 5, 30, 52), 1),
    ((1918, 10, 27, 4, 30, 52), 2),
    ((1919, 5, 6, 2, 30, 52), 1),
    ((1919, 8, 13, 1, 30, 52), 2),
    ((1920, 5, 3, 2, 30, 52), 1),
    ((1920, 11, 1, 1, 30, 52), 2),
    ((1921, 5, 2, 2, 30, 52), 1),
    ((1921, 10, 31, 1, 30, 52), 2),
    ((1922, 5, 8, 2, 30, 52), 1),
    ((1922, 10, 30, 1, 30, 52), 2),
    ((1923, 5, 7, 2, 30, 52), 1),
    ((1923, 10, 29, 1, 30, 52), 2),
    ((1924, 5, 5, 2, 30, 52), 1),
    ((1924, 10, 27, 1, 30, 52), 2),
    ((1925, 5, 4, 2, 30, 52), 1),
    ((1925, 10, 26, 1, 30, 52), 2),
    ((1926, 5, 3, 2, 30, 52), 1),
    ((1926, 11, 1, 1, 30, 52), 2),
    ((1927, 5, 2, 2, 30, 52), 1),
    ((1927, 10, 31, 1, 30, 52), 2),
    ((1928, 5, 7, 2, 30, 52), 1),
    ((1928, 10, 29, 1, 30, 52), 2),
    ((1929, 5, 6, 2, 30, 52), 1),
    ((1929, 10, 28, 1, 30, 52), 2),
    ((1930, 5, 5, 2, 30, 52), 1),
    ((1930, 10, 27, 1, 30, 52), 2),
    ((1931, 5, 4, 2, 30, 52), 1),
    ((1931, 10, 26, 1, 30, 52), 2),
    ((1932, 5, 2, 2, 30, 52), 1),
    ((1932, 10, 31, 1, 30, 52), 2),
    ((1933, 5, 8, 2, 30, 52), 1),
    ((1933, 10, 30, 1, 30, 52), 2),
    ((1934, 5, 7, 2, 30, 52), 1),
    ((1934, 10, 29, 1, 30, 52), 2),
    ((1935, 3, 30, 3, 30, 52), 4),
    ((1935, 5, 6, 2, 30), 3),
    ((1935, 10, 28, 1, 30), 4),
    ((1936, 5, 11, 3, 30), 3),
    ((1936, 10, 5, 2, 30), 4),
    ((1937, 5, 10, 3, 30), 3),
    ((1937, 10, 4, 2, 30), 4),
    ((1938, 5, 9, 3, 30), 3),
    ((1938, 10, 3, 2, 30), 4),
    ((1939, 5, 15, 3, 30), 3),
    ((1939, 10, 2, 2, 30), 4),
    ((1940, 5, 13, 3, 30), 3),
    ((1940, 10, 7, 2, 30), 4),
    ((1941, 5, 12, 3, 30), 3),
    ((1941, 10, 6, 2, 30), 4),
    ((1942, 5, 11, 3, 30), 6),
    ((1945, 8, 14, 23, 0), 5),
    ((1945, 9, 30, 4, 30), 4),
    ((1946, 5, 12, 5, 30), 3),
    ((1946, 10, 6, 4, 30), 4),
    ((1947, 5, 11, 5, 30), 3),
    ((1947, 10, 5, 4, 30), 4),
    ((1948, 5, 9, 5, 30), 3),
    ((1948, 10, 3, 4, 30), 4),
    ((1949, 5, 8, 5, 30), 3),
    ((1949, 10, 2, 4, 30), 4),
    ((1950, 5, 14, 5, 30), 3),
    ((1950, 10, 8, 4, 30), 4),
    ((1951, 4, 29, 5, 30), 3),
    ((1951, 9, 30, 4, 30), 4),
    ((1952, 4, 27, 5, 30), 3),
    ((1952, 9, 28, 4, 30), 4),
    ((1953, 4, 26, 5, 30), 3),
    ((1953, 9, 27, 4, 30), 4),
    ((1954, 4, 25, 5, 30), 3),
    ((1954, 9, 26, 4, 30), 4),
    ((1955, 4, 24, 5, 30), 3),
    ((1955, 9, 25, 4, 30), 4),
    ((1956, 4, 29, 5, 30), 3),
    ((1956, 9, 30, 4, 30), 4),
    ((1957, 4, 28, 5, 30), 3),
    ((1957, 9, 29, 4, 30), 4),
    ((1958, 4, 27, 5, 30), 3),
    ((1958, 9, 28, 4, 30), 4),
    ((1959, 4, 26, 5, 30), 3),
    ((1959, 9, 27, 4, 30), 4),
    ((1960, 4, 24, 5, 30), 3),
    ((1960, 10, 30, 4, 30), 4),
    ((1961, 4, 30, 5, 30), 3),
    ((1961, 10, 29, 4, 30), 4),
    ((1962, 4, 29, 5, 30), 3),
    ((1962, 10, 28, 4, 30), 4),
    ((1963, 4, 28, 5, 30), 3),
    ((1963, 10, 27, 4, 30), 4),
    ((1964, 4, 26, 5, 30), 3),
    ((1964, 10, 25, 4, 30), 4),
    ((1965, 4, 25, 5, 30), 3),
    ((1965, 10, 31, 4, 30), 4),
    ((1966, 4, 24, 5, 30), 3),
    ((1966, 10, 30, 4, 30), 4),
    ((1967, 4, 30, 5, 30), 3),
    ((1967, 10, 29, 4, 30), 4),
    ((1968, 4, 28, 5, 30), 3),
    ((1968, 10, 27, 4, 30), 4),
    ((1969, 4, 27, 5, 30), 3),
    ((1969, 10, 26, 4, 30), 4),
    ((1970, 4, 26, 5, 30), 3),
    ((1970, 10, 25, 4, 30), 4),
    ((1971, 4, 25, 5, 30), 3),
    ((1971, 10, 31, 4, 30), 4),
    ((1972, 4, 30, 5, 30), 3),
    ((1972, 10, 29, 4, 30), 4),
    ((1973, 4, 29, 5, 30), 3),
    ((1973, 10, 28, 4, 30), 4),
    ((1974, 4, 28, 5, 30), 3),
    ((1974, 10, 27, 4, 30), 4),
    ((1975, 4, 27, 5, 30), 3),
    ((1975, 10, 26, 4, 30), 4),
    ((1976, 4, 25, 5, 30), 3),
    ((1976, 10, 31, 4, 30), 4),
    ((1977, 4, 24, 5, 30), 3),
    ((1977, 10, 30, 4, 30), 4),
    ((1978, 4, 30, 5, 30), 3),
    ((1978, 10, 29, 4, 30), 4),
    ((1979, 4, 29, 5, 30), 3),
    ((1979, 10, 28, 4, 30), 4),
    ((1980, 4, 27, 5, 30), 3),
    ((1980, 10, 26, 4, 30), 4),
    ((1981, 4, 26, 5, 30), 3),
    ((1981, 10, 25, 4, 30), 4),
    ((1982, 4, 25, 5, 30), 3),
    ((1982, 10, 31, 4, 30), 4),
    ((1983, 4, 24, 5, 30), 3),
    ((1983, 10, 30, 4, 30), 4),
    ((1984, 4, 29, 5, 30), 3),
    ((1984, 10, 28, 4, 30), 4),
    ((1985, 4, 28, 5, 30), 3),
    ((1985, 10, 27, 4, 30), 4),
    ((1986, 4, 27, 5, 30), 3),
    ((1986, 10, 26, 4, 30), 4),
    ((1987, 4, 5, 3, 31), 3),
    ((1987, 10, 25, 2, 31), 4),
    ((1988, 4, 3, 3, 31), 7),
    ((1988, 10, 30, 1, 31), 4),
    ((1989, 4, 2, 3, 31), 3),
    ((1989, 10, 29, 2, 31), 4),
    ((1990, 4, 1, 3, 31), 3),
    ((1990, 10, 28, 2, 31), 4),
    ((1991, 4, 7, 3, 31), 3),
    ((1991, 10, 27, 2, 31), 4),
    ((1992, 4, 5, 3, 31), 3),
    ((1992, 10, 25, 2, 31), 4),
    ((1993, 4, 4, 3, 31), 3),
    ((1993, 10, 31, 2, 31), 4),
    ((1994, 4, 3, 3, 31), 3),
    ((1994, 10, 30, 2, 31), 4),
    ((1995, 4, 2, 3, 31), 3),
    ((1995, 10, 29, 2, 31), 4),
    ((1996, 4, 7, 3, 31), 3),
    ((1996, 10, 27, 2, 31), 4),
    ((1997, 4, 6, 3, 31), 3),
    ((1997, 10, 26, 2, 31), 4),
    ((1998, 4, 5, 3, 31), 3),
    ((1998, 10, 25, 2, 31), 4),
    ((1999, 4, 4, 3, 31), 3),
    ((1999, 10, 31, 2, 31), 4),
    ((2000, 4, 2, 3, 31), 3),
    ((2000, 10, 29, 2, 31), 4),
    ((2001, 4, 1, 3, 31), 3),
    ((2001, 10, 28, 2, 31), 4),
    ((2002, 4, 7, 3, 31), 3),
    ((2002, 10, 27, 2, 31), 4),
    ((2003, 4, 6, 3, 31), 3),
    ((2003, 10, 26, 2, 31), 4),
    ((2004, 4, 4, 3, 31), 3),
    ((2004, 10, 31, 2, 31), 4),
    ((2005, 4, 3, 3, 31), 3),
    ((2005, 10, 30, 2, 31), 4),
    ((2006, 4, 2, 3, 31), 3),
    ((2006, 10, 29, 2, 31), 4),
    ((2007, 3, 11, 3, 31), 3),
    ((2007, 11, 4, 2, 31), 4),
    ((2008, 3, 9, 3, 31), 3),
    ((2008, 11, 2, 2, 31), 4),
    ((2009, 3, 8, 3, 31), 3),
    ((2009, 11, 1, 2, 31), 4),
    ((2010, 3, 14, 3, 31), 3),
    ((2010, 11, 7, 2, 31), 4),
    ((2011, 3, 13, 3, 31), 3),
    ((2011, 11, 6, 4, 30), 4),
    ((2012, 3, 11, 5, 30), 3),
    ((2012, 11, 4, 4, 30), 4),
    ((2013, 3, 10, 5, 30), 3),
    ((2013, 11, 3, 4, 30), 4),
    ((2014, 3, 9, 5, 30), 3),
    ((2014, 11, 2, 4, 30), 4),
    ((2015, 3, 8, 5, 30), 3),
    ((2015, 11, 1, 4, 30), 4),
    ((2016, 3, 13, 5, 30), 3),
    ((2016, 11, 6, 4, 30), 4),
    ((2017, 3, 12, 5, 30), 3),
    ((2017, 11, 5, 4, 30), 4),
    ((2018, 3, 11, 5, 30), 3),
    ((2018, 11, 4, 4, 30), 4),
    ((2019, 3, 10, 5, 30), 3),
    ((2019, 11, 3, 4, 30), 4),
    ((2020, 3, 8, 5, 30), 3),
    ((2020, 11, 1, 4, 30), 4),
    ((2021, 3, 14, 5, 30), 3),
    ((2021, 11, 7, 4, 30), 4),
    ((2022, 3, 13, 5, 30), 3),
    ((2022, 11, 6, 4, 30), 4),
    ((2023, 3, 12, 5, 30), 3),
    ((2023, 11, 5, 4, 30), 4),
    ((2024, 3, 10, 5, 30), 3),
    ((2024, 11, 3, 4, 30), 4),
    ((2025, 3, 9, 5, 30), 3),
    ((2025, 11, 2, 4, 30), 4),
    ((2026, 3, 8, 5, 30), 3),
    ((2026, 11, 1, 4, 30), 4),
    ((2027, 3, 14, 5, 30), 3),
    ((2027, 11, 7, 4, 30), 4),
    ((2028, 3, 12, 5, 30), 3),
    ((2028, 11, 5, 4, 30), 4),
    ((2029, 3, 11, 5, 30), 3),
    ((2029, 11, 4, 4, 30), 4),
    ((2030, 3, 10, 5, 30), 3),
    ((2030, 11, 3, 4, 30), 4),
    ((2031, 3, 9, 5, 30), 3),
    ((2031, 11, 2, 4, 30), 4),
    ((2032, 3, 14, 5, 30), 3),
    ((2032, 11, 7, 4, 30), 4),
    ((2033, 3, 13, 5, 30), 3),
    ((2033, 11, 6, 4, 30), 4),
    ((2034, 3, 12, 5, 30), 3),
    ((2034, 11, 5, 4, 30), 4),
    ((2035, 3, 11, 5, 30), 3),
    ((2035, 11, 4, 4, 30), 4),
    ((2036, 3, 9, 5, 30), 3),
    ((2036, 11, 2, 4, 30), 4),
    ((2037, 3, 8, 5, 30), 3),
    ((2037, 11, 1, 4, 30), 4)
]
posix = 'NST3:30NDT,M3.2.0,M11.1.0'
