types = [
    ((-6, -28, -36), 0, 'LMT'),
    (-5, 1, 'CDT'),
    (-6, 0, 'CST'),
    (-5, 1, 'CWT'),
    (-5, 1, 'CPT'),
    (-5, 1, 'CDT'),
    (-6, 0, 'CST')
]
times = [
    ((1, 1, 2, 0, 0), 0),
    ((1887, 7, 16, 6, 28, 36), 2),
    ((1916, 4, 23, 6, 0), 1),
    ((1916, 9, 17, 5, 0), 2),
    ((1918, 4, 14, 8, 0), 1),
    ((1918, 10, 27, 7, 0), 2),
    ((1937, 5, 16, 8, 0), 1),
    ((1937, 9, 26, 7, 0), 2),
    ((1942, 2, 9, 8, 0), 3),
    ((1945, 8, 14, 23, 0), 4),
    ((1945, 9, 30, 7, 0), 2),
    ((1946, 5, 12, 8, 0), 1),
    ((1946, 10, 13, 7, 0), 2),
    ((1947, 4, 27, 8, 0), 1),
    ((1947, 9, 28, 7, 0), 2),
    ((1948, 4, 25, 8, 0), 1),
    ((1948, 9, 26, 7, 0), 2),
    ((1949, 4, 24, 8, 0), 1),
    ((1949, 9, 25, 7, 0), 2),
    ((1950, 5, 1, 8, 0), 1),
    ((1950, 9, 30, 7, 0), 2),
    ((1951, 4, 29, 8, 0), 1),
    ((1951, 9, 30, 7, 0), 2),
    ((1952, 4, 27, 8, 0), 1),
    ((1952, 9, 28, 7, 0), 2),
    ((1953, 4, 26, 8, 0), 1),
    ((1953, 9, 27, 7, 0), 2),
    ((1954, 4, 25, 8, 0), 1),
    ((1954, 9, 26, 7, 0), 2),
    ((1955, 4, 24, 8, 0), 1),
    ((1955, 9, 25, 7, 0), 2),
    ((1956, 4, 29, 8, 0), 1),
    ((1956, 9, 30, 7, 0), 2),
    ((1957, 4, 28, 8, 0), 1),
    ((1957, 9, 29, 7, 0), 2),
    ((1958, 4, 27, 8, 0), 1),
    ((1958, 9, 28, 7, 0), 2),
    ((1959, 4, 26, 8, 0), 1),
    ((1959, 10, 25, 7, 0), 2),
    ((1960, 4, 24, 8, 0), 1),
    ((1960, 9, 25, 7, 0), 2),
    ((1963, 4, 28, 8, 0), 1),
    ((1963, 9, 22, 7, 0), 2),
    ((1966, 4, 24, 8, 0), 5),
    ((1966, 10, 30, 8, 0), 6),
    ((1967, 4, 30, 8, 0), 5),
    ((1967, 10, 29, 8, 0), 6),
    ((1968, 4, 28, 8, 0), 5),
    ((1968, 10, 27, 8, 0), 6),
    ((1969, 4, 27, 8, 0), 5),
    ((1969, 10, 26, 8, 0), 6),
    ((1970, 4, 26, 8, 0), 5),
    ((1970, 10, 25, 8, 0), 6),
    ((1971, 4, 25, 8, 0), 5),
    ((1971, 10, 31, 8, 0), 6),
    ((1972, 4, 30, 8, 0), 5),
    ((1972, 10, 29, 8, 0), 6),
    ((1973, 4, 29, 8, 0), 5),
    ((1973, 10, 28, 8, 0), 6),
    ((1974, 4, 28, 8, 0), 5),
    ((1974, 10, 27, 8, 0), 6),
    ((1975, 4, 27, 8, 0), 5),
    ((1975, 10, 26, 8, 0), 6),
    ((1976, 4, 25, 8, 0), 5),
    ((1976, 10, 31, 8, 0), 6),
    ((1977, 4, 24, 8, 0), 5),
    ((1977, 10, 30, 8, 0), 6),
    ((1978, 4, 30, 8, 0), 5),
    ((1978, 10, 29, 8, 0), 6),
    ((1979, 4, 29, 8, 0), 5),
    ((1979, 10, 28, 8, 0), 6),
    ((1980, 4, 27, 8, 0), 5),
    ((1980, 10, 26, 8, 0), 6),
    ((1981, 4, 26, 8, 0), 5),
    ((1981, 10, 25, 8, 0), 6),
    ((1982, 4, 25, 8, 0), 5),
    ((1982, 10, 31, 8, 0), 6),
    ((1983, 4, 24, 8, 0), 5),
    ((1983, 10, 30, 8, 0), 6),
    ((1984, 4, 29, 8, 0), 5),
    ((1984, 10, 28, 8, 0), 6),
    ((1985, 4, 28, 8, 0), 5),
    ((1985, 10, 27, 8, 0), 6),
    ((1986, 4, 27, 8, 0), 5),
    ((1986, 10, 26, 8, 0), 6),
    ((1987, 4, 5, 8, 0), 5),
    ((1987, 10, 25, 8, 0), 6),
    ((1988, 4, 3, 8, 0), 5),
    ((1988, 10, 30, 8, 0), 6),
    ((1989, 4, 2, 8, 0), 5),
    ((1989, 10, 29, 8, 0), 6),
    ((1990, 4, 1, 8, 0), 5),
    ((1990, 10, 28, 8, 0), 6),
    ((1991, 4, 7, 8, 0), 5),
    ((1991, 10, 27, 8, 0), 6),
    ((1992, 4, 5, 8, 0), 5),
    ((1992, 10, 25, 8, 0), 6),
    ((1993, 4, 4, 8, 0), 5),
    ((1993, 10, 31, 8, 0), 6),
    ((1994, 4, 3, 8, 0), 5),
    ((1994, 10, 30, 8, 0), 6),
    ((1995, 4, 2, 8, 0), 5),
    ((1995, 10, 29, 8, 0), 6),
    ((1996, 4, 7, 8, 0), 5),
    ((1996, 10, 27, 8, 0), 6),
    ((1997, 4, 6, 8, 0), 5),
    ((1997, 10, 26, 8, 0), 6),
    ((1998, 4, 5, 8, 0), 5),
    ((1998, 10, 25, 8, 0), 6),
    ((1999, 4, 4, 8, 0), 5),
    ((1999, 10, 31, 8, 0), 6),
    ((2000, 4, 2, 8, 0), 5),
    ((2000, 10, 29, 8, 0), 6),
    ((2001, 4, 1, 8, 0), 5),
    ((2001, 10, 28, 8, 0), 6),
    ((2002, 4, 7, 8, 0), 5),
    ((2002, 10, 27, 8, 0), 6),
    ((2003, 4, 6, 8, 0), 5),
    ((2003, 10, 26, 8, 0), 6),
    ((2004, 4, 4, 8, 0), 5),
    ((2004, 10, 31, 8, 0), 6),
    ((2005, 4, 3, 8, 0), 5),
    ((2005, 10, 30, 8, 0), 6),
    ((2006, 1, 1, 6, 0), 2),
    ((2006, 4, 2, 8, 0), 1),
    ((2006, 10, 29, 7, 0), 2),
    ((2007, 3, 11, 8, 0), 1),
    ((2007, 11, 4, 7, 0), 2),
    ((2008, 3, 9, 8, 0), 1),
    ((2008, 11, 2, 7, 0), 2),
    ((2009, 3, 8, 8, 0), 1),
    ((2009, 11, 1, 7, 0), 2),
    ((2010, 3, 14, 8, 0), 1),
    ((2010, 11, 7, 7, 0), 2),
    ((2011, 3, 13, 8, 0), 1),
    ((2011, 11, 6, 7, 0), 2),
    ((2012, 3, 11, 8, 0), 1),
    ((2012, 11, 4, 7, 0), 2),
    ((2013, 3, 10, 8, 0), 1),
    ((2013, 11, 3, 7, 0), 2),
    ((2014, 3, 9, 8, 0), 1),
    ((2014, 11, 2, 7, 0), 2),
    ((2015, 3, 8, 8, 0), 1),
    ((2015, 11, 1, 7, 0), 2),
    ((2016, 3, 13, 8, 0), 1),
    ((2016, 11, 6, 7, 0), 2),
    ((2017, 3, 12, 8, 0), 1),
    ((2017, 11, 5, 7, 0), 2),
    ((2018, 3, 11, 8, 0), 1),
    ((2018, 11, 4, 7, 0), 2),
    ((2019, 3, 10, 8, 0), 1),
    ((2019, 11, 3, 7, 0), 2),
    ((2020, 3, 8, 8, 0), 1),
    ((2020, 11, 1, 7, 0), 2),
    ((2021, 3, 14, 8, 0), 1),
    ((2021, 11, 7, 7, 0), 2),
    ((2022, 3, 13, 8, 0), 1),
    ((2022, 11, 6, 7, 0), 2),
    ((2023, 3, 12, 8, 0), 1),
    ((2023, 11, 5, 7, 0), 2),
    ((2024, 3, 10, 8, 0), 1),
    ((2024, 11, 3, 7, 0), 2),
    ((2025, 3, 9, 8, 0), 1),
    ((2025, 11, 2, 7, 0), 2),
    ((2026, 3, 8, 8, 0), 1),
    ((2026, 11, 1, 7, 0), 2),
    ((2027, 3, 14, 8, 0), 1),
    ((2027, 11, 7, 7, 0), 2),
    ((2028, 3, 12, 8, 0), 1),
    ((2028, 11, 5, 7, 0), 2),
    ((2029, 3, 11, 8, 0), 1),
    ((2029, 11, 4, 7, 0), 2),
    ((2030, 3, 10, 8, 0), 1),
    ((2030, 11, 3, 7, 0), 2),
    ((2031, 3, 9, 8, 0), 1),
    ((2031, 11, 2, 7, 0), 2),
    ((2032, 3, 14, 8, 0), 1),
    ((2032, 11, 7, 7, 0), 2),
    ((2033, 3, 13, 8, 0), 1),
    ((2033, 11, 6, 7, 0), 2),
    ((2034, 3, 12, 8, 0), 1),
    ((2034, 11, 5, 7, 0), 2),
    ((2035, 3, 11, 8, 0), 1),
    ((2035, 11, 4, 7, 0), 2),
    ((2036, 3, 9, 8, 0), 1),
    ((2036, 11, 2, 7, 0), 2),
    ((2037, 3, 8, 8, 0), 1),
    ((2037, 11, 1, 7, 0), 2)
]
posix = 'CST6CDT,M3.2.0,M11.1.0'
