types = [
    ((8, 35, 28), 0, 'LMT'),
    ((9, 45), 1, 'ACWDT'),
    ((8, 45), 0, 'ACWST'),
    ((9, 45), 1, 'ACWDT'),
    ((8, 45), 0, 'ACWST')
]
times = [
    ((1, 1, 2, 0, 0), 0),
    ((1895, 11, 30, 15, 24, 32), 2),
    ((1916, 12, 31, 15, 16), 1),
    ((1917, 3, 24, 16, 15), 2),
    ((1941, 12, 31, 17, 15), 1),
    ((1942, 3, 28, 16, 15), 2),
    ((1942, 9, 26, 17, 15), 1),
    ((1943, 3, 27, 16, 15), 2),
    ((1974, 10, 26, 17, 15), 3),
    ((1975, 3, 1, 17, 15), 4),
    ((1983, 10, 29, 17, 15), 3),
    ((1984, 3, 3, 17, 15), 4),
    ((1991, 11, 16, 17, 15), 3),
    ((1992, 2, 29, 17, 15), 4),
    ((2006, 12, 2, 17, 15), 3),
    ((2007, 3, 24, 17, 15), 4),
    ((2007, 10, 27, 17, 15), 3),
    ((2008, 3, 29, 17, 15), 4),
    ((2008, 10, 25, 17, 15), 3),
    ((2009, 3, 28, 17, 15), 4)
]
posix = 'ACWST-8:45'
