types = [
    ((9, 55, 56), 0, 'LMT'),
    (11, 1, 'AEDT'),
    (10, 0, 'AEST'),
    (11, 1, 'AEDT'),
    (10, 0, 'AEST')
]
times = [
    ((1, 1, 2, 0, 0), 0),
    ((1894, 12, 31, 14, 4, 4), 2),
    ((1916, 12, 31, 14, 1), 1),
    ((1917, 3, 24, 15, 0), 2),
    ((1941, 12, 31, 16, 0), 1),
    ((1942, 3, 28, 15, 0), 2),
    ((1942, 9, 26, 16, 0), 1),
    ((1943, 3, 27, 15, 0), 2),
    ((1943, 10, 2, 16, 0), 1),
    ((1944, 3, 25, 15, 0), 2),
    ((1971, 10, 30, 16, 0), 3),
    ((1972, 2, 26, 16, 0), 4),
    ((1989, 10, 28, 16, 0), 3),
    ((1990, 3, 3, 16, 0), 4),
    ((1990, 10, 27, 16, 0), 3),
    ((1991, 3, 2, 16, 0), 4),
    ((1991, 10, 26, 16, 0), 3),
    ((1992, 2, 29, 16, 0), 4),
    ((1992, 6, 30, 14, 0), 2),
    ((1992, 10, 24, 16, 0), 3),
    ((1993, 3, 6, 16, 0), 4),
    ((1993, 10, 30, 16, 0), 3),
    ((1994, 3, 5, 16, 0), 4)
]
posix = 'AEST-10'
