types = [
    ((10, 36, 20), 0, 'LMT'),
    (10, 0, 'AEST'),
    ((11, 30), 1, 'LHDT'),
    ((10, 30), 0, 'LHST'),
    (11, 1, 'LHDT')
]
times = [
    ((1, 1, 2, 0, 0), 0),
    ((1895, 1, 31, 13, 23, 40), 1),
    ((1981, 2, 28, 14, 0), 3),
    ((1981, 10, 24, 15, 30), 2),
    ((1982, 3, 6, 14, 30), 3),
    ((1982, 10, 30, 15, 30), 2),
    ((1983, 3, 5, 14, 30), 3),
    ((1983, 10, 29, 15, 30), 2),
    ((1984, 3, 3, 14, 30), 3),
    ((1984, 10, 27, 15, 30), 2),
    ((1985, 3, 2, 14, 30), 3),
    ((1985, 10, 26, 15, 30), 4),
    ((1986, 3, 15, 15, 0), 3),
    ((1986, 10, 18, 15, 30), 4),
    ((1987, 3, 14, 15, 0), 3),
    ((1987, 10, 24, 15, 30), 4),
    ((1988, 3, 19, 15, 0), 3),
    ((1988, 10, 29, 15, 30), 4),
    ((1989, 3, 18, 15, 0), 3),
    ((1989, 10, 28, 15, 30), 4),
    ((1990, 3, 3, 15, 0), 3),
    ((1990, 10, 27, 15, 30), 4),
    ((1991, 3, 2, 15, 0), 3),
    ((1991, 10, 26, 15, 30), 4),
    ((1992, 2, 29, 15, 0), 3),
    ((1992, 10, 24, 15, 30), 4),
    ((1993, 3, 6, 15, 0), 3),
    ((1993, 10, 30, 15, 30), 4),
    ((1994, 3, 5, 15, 0), 3),
    ((1994, 10, 29, 15, 30), 4),
    ((1995, 3, 4, 15, 0), 3),
    ((1995, 10, 28, 15, 30), 4),
    ((1996, 3, 30, 15, 0), 3),
    ((1996, 10, 26, 15, 30), 4),
    ((1997, 3, 29, 15, 0), 3),
    ((1997, 10, 25, 15, 30), 4),
    ((1998, 3, 28, 15, 0), 3),
    ((1998, 10, 24, 15, 30), 4),
    ((1999, 3, 27, 15, 0), 3),
    ((1999, 10, 30, 15, 30), 4),
    ((2000, 3, 25, 15, 0), 3),
    ((2000, 8, 26, 15, 30), 4),
    ((2001, 3, 24, 15, 0), 3),
    ((2001, 10, 27, 15, 30), 4),
    ((2002, 3, 30, 15, 0), 3),
    ((2002, 10, 26, 15, 30), 4),
    ((2003, 3, 29, 15, 0), 3),
    ((2003, 10, 25, 15, 30), 4),
    ((2004, 3, 27, 15, 0), 3),
    ((2004, 10, 30, 15, 30), 4),
    ((2005, 3, 26, 15, 0), 3),
    ((2005, 10, 29, 15, 30), 4),
    ((2006, 4, 1, 15, 0), 3),
    ((2006, 10, 28, 15, 30), 4),
    ((2007, 3, 24, 15, 0), 3),
    ((2007, 10, 27, 15, 30), 4),
    ((2008, 4, 5, 15, 0), 3),
    ((2008, 10, 4, 15, 30), 4),
    ((2009, 4, 4, 15, 0), 3),
    ((2009, 10, 3, 15, 30), 4),
    ((2010, 4, 3, 15, 0), 3),
    ((2010, 10, 2, 15, 30), 4),
    ((2011, 4, 2, 15, 0), 3),
    ((2011, 10, 1, 15, 30), 4),
    ((2012, 3, 31, 15, 0), 3),
    ((2012, 10, 6, 15, 30), 4),
    ((2013, 4, 6, 15, 0), 3),
    ((2013, 10, 5, 15, 30), 4),
    ((2014, 4, 5, 15, 0), 3),
    ((2014, 10, 4, 15, 30), 4),
    ((2015, 4, 4, 15, 0), 3),
    ((2015, 10, 3, 15, 30), 4),
    ((2016, 4, 2, 15, 0), 3),
    ((2016, 10, 1, 15, 30), 4),
    ((2017, 4, 1, 15, 0), 3),
    ((2017, 9, 30, 15, 30), 4),
    ((2018, 3, 31, 15, 0), 3),
    ((2018, 10, 6, 15, 30), 4),
    ((2019, 4, 6, 15, 0), 3),
    ((2019, 10, 5, 15, 30), 4),
    ((2020, 4, 4, 15, 0), 3),
    ((2020, 10, 3, 15, 30), 4),
    ((2021, 4, 3, 15, 0), 3),
    ((2021, 10, 2, 15, 30), 4),
    ((2022, 4, 2, 15, 0), 3),
    ((2022, 10, 1, 15, 30), 4),
    ((2023, 4, 1, 15, 0), 3),
    ((2023, 9, 30, 15, 30), 4),
    ((2024, 4, 6, 15, 0), 3),
    ((2024, 10, 5, 15, 30), 4),
    ((2025, 4, 5, 15, 0), 3),
    ((2025, 10, 4, 15, 30), 4),
    ((2026, 4, 4, 15, 0), 3),
    ((2026, 10, 3, 15, 30), 4),
    ((2027, 4, 3, 15, 0), 3),
    ((2027, 10, 2, 15, 30), 4),
    ((2028, 4, 1, 15, 0), 3),
    ((2028, 9, 30, 15, 30), 4),
    ((2029, 3, 31, 15, 0), 3),
    ((2029, 10, 6, 15, 30), 4),
    ((2030, 4, 6, 15, 0), 3),
    ((2030, 10, 5, 15, 30), 4),
    ((2031, 4, 5, 15, 0), 3),
    ((2031, 10, 4, 15, 30), 4),
    ((2032, 4, 3, 15, 0), 3),
    ((2032, 10, 2, 15, 30), 4),
    ((2033, 4, 2, 15, 0), 3),
    ((2033, 10, 1, 15, 30), 4),
    ((2034, 4, 1, 15, 0), 3),
    ((2034, 9, 30, 15, 30), 4),
    ((2035, 3, 31, 15, 0), 3),
    ((2035, 10, 6, 15, 30), 4),
    ((2036, 4, 5, 15, 0), 3),
    ((2036, 10, 4, 15, 30), 4),
    ((2037, 4, 4, 15, 0), 3),
    ((2037, 10, 3, 15, 30), 4)
]
posix = 'LHST-10:30LHDT-11,M10.1.0,M4.1.0'
