types = [
    ((7, 43, 24), 0, 'LMT'),
    (9, 1, 'AWDT'),
    (8, 0, 'AWST'),
    (9, 1, 'AWDT'),
    (8, 0, 'AWST')
]
times = [
    ((1, 1, 2, 0, 0), 0),
    ((1895, 11, 30, 16, 16, 36), 2),
    ((1916, 12, 31, 16, 1), 1),
    ((1917, 3, 24, 17, 0), 2),
    ((1941, 12, 31, 18, 0), 1),
    ((1942, 3, 28, 17, 0), 2),
    ((1942, 9, 26, 18, 0), 1),
    ((1943, 3, 27, 17, 0), 2),
    ((1974, 10, 26, 18, 0), 3),
    ((1975, 3, 1, 18, 0), 4),
    ((1983, 10, 29, 18, 0), 3),
    ((1984, 3, 3, 18, 0), 4),
    ((1991, 11, 16, 18, 0), 3),
    ((1992, 2, 29, 18, 0), 4),
    ((2006, 12, 2, 18, 0), 3),
    ((2007, 3, 24, 18, 0), 4),
    ((2007, 10, 27, 18, 0), 3),
    ((2008, 3, 29, 18, 0), 4),
    ((2008, 10, 25, 18, 0), 3),
    ((2009, 3, 28, 18, 0), 4)
]
posix = 'AWST-8'
