types = [
    ((12, 33, 4), 0, 'LMT'),
    ((-11, -26, -56), 0, 'LMT'),
    ((-11, -30), 0, 'WSST'),
    (-10, 1, 'SDT'),
    (-11, 0, 'SST'),
    (13, 0, 'WSST'),
    (14, 1, 'WSDT')
]
times = [
    ((1, 1, 2, 0, 0), 0),
    ((1879, 7, 4, 11, 26, 56), 1),
    ((1911, 1, 1, 11, 26, 56), 2),
    ((1950, 1, 1, 11, 30), 4),
    ((2010, 9, 26, 11, 0), 3),
    ((2011, 4, 2, 14, 0), 4),
    ((2011, 9, 24, 14, 0), 3),
    ((2011, 12, 30, 10, 0), 6),
    ((2012, 3, 31, 14, 0), 5),
    ((2012, 9, 29, 14, 0), 6),
    ((2013, 4, 6, 14, 0), 5),
    ((2013, 9, 28, 14, 0), 6),
    ((2014, 4, 5, 14, 0), 5),
    ((2014, 9, 27, 14, 0), 6),
    ((2015, 4, 4, 14, 0), 5),
    ((2015, 9, 26, 14, 0), 6),
    ((2016, 4, 2, 14, 0), 5),
    ((2016, 9, 24, 14, 0), 6),
    ((2017, 4, 1, 14, 0), 5),
    ((2017, 9, 23, 14, 0), 6),
    ((2018, 3, 31, 14, 0), 5),
    ((2018, 9, 29, 14, 0), 6),
    ((2019, 4, 6, 14, 0), 5),
    ((2019, 9, 28, 14, 0), 6),
    ((2020, 4, 4, 14, 0), 5),
    ((2020, 9, 26, 14, 0), 6),
    ((2021, 4, 3, 14, 0), 5),
    ((2021, 9, 25, 14, 0), 6),
    ((2022, 4, 2, 14, 0), 5),
    ((2022, 9, 24, 14, 0), 6),
    ((2023, 4, 1, 14, 0), 5),
    ((2023, 9, 23, 14, 0), 6),
    ((2024, 4, 6, 14, 0), 5),
    ((2024, 9, 28, 14, 0), 6),
    ((2025, 4, 5, 14, 0), 5),
    ((2025, 9, 27, 14, 0), 6),
    ((2026, 4, 4, 14, 0), 5),
    ((2026, 9, 26, 14, 0), 6),
    ((2027, 4, 3, 14, 0), 5),
    ((2027, 9, 25, 14, 0), 6),
    ((2028, 4, 1, 14, 0), 5),
    ((2028, 9, 23, 14, 0), 6),
    ((2029, 3, 31, 14, 0), 5),
    ((2029, 9, 29, 14, 0), 6),
    ((2030, 4, 6, 14, 0), 5),
    ((2030, 9, 28, 14, 0), 6),
    ((2031, 4, 5, 14, 0), 5),
    ((2031, 9, 27, 14, 0), 6),
    ((2032, 4, 3, 14, 0), 5),
    ((2032, 9, 25, 14, 0), 6),
    ((2033, 4, 2, 14, 0), 5),
    ((2033, 9, 24, 14, 0), 6),
    ((2034, 4, 1, 14, 0), 5),
    ((2034, 9, 23, 14, 0), 6),
    ((2035, 3, 31, 14, 0), 5),
    ((2035, 9, 29, 14, 0), 6),
    ((2036, 4, 5, 14, 0), 5),
    ((2036, 9, 27, 14, 0), 6),
    ((2037, 4, 4, 14, 0), 5),
    ((2037, 9, 26, 14, 0), 6)
]
posix = 'WSST-13WSDT,M9.5.0/3,M4.1.0/4'
