types = [
    ((12, 13, 48), 0, 'LMT'),
    ((12, 15), 0, 'CHAST'),
    ((13, 45), 1, 'CHADT'),
    ((12, 45), 0, 'CHAST'),
    ((12, 45), 0, 'CHAST')
]
times = [
    ((1, 1, 2, 0, 0), 0),
    ((1868, 11, 1, 11, 46, 12), 1),
    ((1945, 12, 31, 11, 45), 4),
    ((1974, 11, 2, 14, 0), 2),
    ((1975, 2, 22, 14, 0), 3),
    ((1975, 10, 25, 14, 0), 2),
    ((1976, 3, 6, 14, 0), 3),
    ((1976, 10, 30, 14, 0), 2),
    ((1977, 3, 5, 14, 0), 3),
    ((1977, 10, 29, 14, 0), 2),
    ((1978, 3, 4, 14, 0), 3),
    ((1978, 10, 28, 14, 0), 2),
    ((1979, 3, 3, 14, 0), 3),
    ((1979, 10, 27, 14, 0), 2),
    ((1980, 3, 1, 14, 0), 3),
    ((1980, 10, 25, 14, 0), 2),
    ((1981, 2, 28, 14, 0), 3),
    ((1981, 10, 24, 14, 0), 2),
    ((1982, 3, 6, 14, 0), 3),
    ((1982, 10, 30, 14, 0), 2),
    ((1983, 3, 5, 14, 0), 3),
    ((1983, 10, 29, 14, 0), 2),
    ((1984, 3, 3, 14, 0), 3),
    ((1984, 10, 27, 14, 0), 2),
    ((1985, 3, 2, 14, 0), 3),
    ((1985, 10, 26, 14, 0), 2),
    ((1986, 3, 1, 14, 0), 3),
    ((1986, 10, 25, 14, 0), 2),
    ((1987, 2, 28, 14, 0), 3),
    ((1987, 10, 24, 14, 0), 2),
    ((1988, 3, 5, 14, 0), 3),
    ((1988, 10, 29, 14, 0), 2),
    ((1989, 3, 4, 14, 0), 3),
    ((1989, 10, 7, 14, 0), 2),
    ((1990, 3, 17, 14, 0), 3),
    ((1990, 10, 6, 14, 0), 2),
    ((1991, 3, 16, 14, 0), 3),
    ((1991, 10, 5, 14, 0), 2),
    ((1992, 3, 14, 14, 0), 3),
    ((1992, 10, 3, 14, 0), 2),
    ((1993, 3, 20, 14, 0), 3),
    ((1993, 10, 2, 14, 0), 2),
    ((1994, 3, 19, 14, 0), 3),
    ((1994, 10, 1, 14, 0), 2),
    ((1995, 3, 18, 14, 0), 3),
    ((1995, 9, 30, 14, 0), 2),
    ((1996, 3, 16, 14, 0), 3),
    ((1996, 10, 5, 14, 0), 2),
    ((1997, 3, 15, 14, 0), 3),
    ((1997, 10, 4, 14, 0), 2),
    ((1998, 3, 14, 14, 0), 3),
    ((1998, 10, 3, 14, 0), 2),
    ((1999, 3, 20, 14, 0), 3),
    ((1999, 10, 2, 14, 0), 2),
    ((2000, 3, 18, 14, 0), 3),
    ((2000, 9, 30, 14, 0), 2),
    ((2001, 3, 17, 14, 0), 3),
    ((2001, 10, 6, 14, 0), 2),
    ((2002, 3, 16, 14, 0), 3),
    ((2002, 10, 5, 14, 0), 2),
    ((2003, 3, 15, 14, 0), 3),
    ((2003, 10, 4, 14, 0), 2),
    ((2004, 3, 20, 14, 0), 3),
    ((2004, 10, 2, 14, 0), 2),
    ((2005, 3, 19, 14, 0), 3),
    ((2005, 10, 1, 14, 0), 2),
    ((2006, 3, 18, 14, 0), 3),
    ((2006, 9, 30, 14, 0), 2),
    ((2007, 3, 17, 14, 0), 3),
    ((2007, 9, 29, 14, 0), 2),
    ((2008, 4, 5, 14, 0), 3),
    ((2008, 9, 27, 14, 0), 2),
    ((2009, 4, 4, 14, 0), 3),
    ((2009, 9, 26, 14, 0), 2),
    ((2010, 4, 3, 14, 0), 3),
    ((2010, 9, 25, 14, 0), 2),
    ((2011, 4, 2, 14, 0), 3),
    ((2011, 9, 24, 14, 0), 2),
    ((2012, 3, 31, 14, 0), 3),
    ((2012, 9, 29, 14, 0), 2),
    ((2013, 4, 6, 14, 0), 3),
    ((2013, 9, 28, 14, 0), 2),
    ((2014, 4, 5, 14, 0), 3),
    ((2014, 9, 27, 14, 0), 2),
    ((2015, 4, 4, 14, 0), 3),
    ((2015, 9, 26, 14, 0), 2),
    ((2016, 4, 2, 14, 0), 3),
    ((2016, 9, 24, 14, 0), 2),
    ((2017, 4, 1, 14, 0), 3),
    ((2017, 9, 23, 14, 0), 2),
    ((2018, 3, 31, 14, 0), 3),
    ((2018, 9, 29, 14, 0), 2),
    ((2019, 4, 6, 14, 0), 3),
    ((2019, 9, 28, 14, 0), 2),
    ((2020, 4, 4, 14, 0), 3),
    ((2020, 9, 26, 14, 0), 2),
    ((2021, 4, 3, 14, 0), 3),
    ((2021, 9, 25, 14, 0), 2),
    ((2022, 4, 2, 14, 0), 3),
    ((2022, 9, 24, 14, 0), 2),
    ((2023, 4, 1, 14, 0), 3),
    ((2023, 9, 23, 14, 0), 2),
    ((2024, 4, 6, 14, 0), 3),
    ((2024, 9, 28, 14, 0), 2),
    ((2025, 4, 5, 14, 0), 3),
    ((2025, 9, 27, 14, 0), 2),
    ((2026, 4, 4, 14, 0), 3),
    ((2026, 9, 26, 14, 0), 2),
    ((2027, 4, 3, 14, 0), 3),
    ((2027, 9, 25, 14, 0), 2),
    ((2028, 4, 1, 14, 0), 3),
    ((2028, 9, 23, 14, 0), 2),
    ((2029, 3, 31, 14, 0), 3),
    ((2029, 9, 29, 14, 0), 2),
    ((2030, 4, 6, 14, 0), 3),
    ((2030, 9, 28, 14, 0), 2),
    ((2031, 4, 5, 14, 0), 3),
    ((2031, 9, 27, 14, 0), 2),
    ((2032, 4, 3, 14, 0), 3),
    ((2032, 9, 25, 14, 0), 2),
    ((2033, 4, 2, 14, 0), 3),
    ((2033, 9, 24, 14, 0), 2),
    ((2034, 4, 1, 14, 0), 3),
    ((2034, 9, 23, 14, 0), 2),
    ((2035, 3, 31, 14, 0), 3),
    ((2035, 9, 29, 14, 0), 2),
    ((2036, 4, 5, 14, 0), 3),
    ((2036, 9, 27, 14, 0), 2),
    ((2037, 4, 4, 14, 0), 3),
    ((2037, 9, 26, 14, 0), 2)
]
posix = 'CHAST-12:45CHADT,M9.5.0/2:45,M4.1.0/3:45'
