types = [
    ((-7, -17, -28), 0, 'LMT'),
    ((-7, -17, -28), 0, 'EMT'),
    (-6, 1, 'EASST'),
    (-7, 0, 'EAST'),
    (-7, 0, 'EAST'),
    (-6, 0, 'EAST'),
    (-5, 1, 'EASST')
]
times = [
    ((1, 1, 2, 0, 0), 0),
    ((1890, 1, 1, 7, 17, 28), 1),
    ((1932, 9, 1, 7, 17, 28), 4),
    ((1968, 11, 3, 4, 0), 2),
    ((1969, 3, 30, 3, 0), 3),
    ((1969, 11, 23, 4, 0), 2),
    ((1970, 3, 29, 3, 0), 3),
    ((1970, 10, 11, 4, 0), 2),
    ((1971, 3, 14, 3, 0), 3),
    ((1971, 10, 10, 4, 0), 2),
    ((1972, 3, 12, 3, 0), 3),
    ((1972, 10, 15, 4, 0), 2),
    ((1973, 3, 11, 3, 0), 3),
    ((1973, 9, 30, 4, 0), 2),
    ((1974, 3, 10, 3, 0), 3),
    ((1974, 10, 13, 4, 0), 2),
    ((1975, 3, 9, 3, 0), 3),
    ((1975, 10, 12, 4, 0), 2),
    ((1976, 3, 14, 3, 0), 3),
    ((1976, 10, 10, 4, 0), 2),
    ((1977, 3, 13, 3, 0), 3),
    ((1977, 10, 9, 4, 0), 2),
    ((1978, 3, 12, 3, 0), 3),
    ((1978, 10, 15, 4, 0), 2),
    ((1979, 3, 11, 3, 0), 3),
    ((1979, 10, 14, 4, 0), 2),
    ((1980, 3, 9, 3, 0), 3),
    ((1980, 10, 12, 4, 0), 2),
    ((1981, 3, 15, 3, 0), 3),
    ((1981, 10, 11, 4, 0), 2),
    ((1982, 3, 14, 3, 0), 5),
    ((1982, 10, 10, 4, 0), 6),
    ((1983, 3, 13, 3, 0), 5),
    ((1983, 10, 9, 4, 0), 6),
    ((1984, 3, 11, 3, 0), 5),
    ((1984, 10, 14, 4, 0), 6),
    ((1985, 3, 10, 3, 0), 5),
    ((1985, 10, 13, 4, 0), 6),
    ((1986, 3, 9, 3, 0), 5),
    ((1986, 10, 12, 4, 0), 6),
    ((1987, 4, 12, 3, 0), 5),
    ((1987, 10, 11, 4, 0), 6),
    ((1988, 3, 13, 3, 0), 5),
    ((1988, 10, 9, 4, 0), 6),
    ((1989, 3, 12, 3, 0), 5),
    ((1989, 10, 15, 4, 0), 6),
    ((1990, 3, 11, 3, 0), 5),
    ((1990, 9, 16, 4, 0), 6),
    ((1991, 3, 10, 3, 0), 5),
    ((1991, 10, 13, 4, 0), 6),
    ((1992, 3, 15, 3, 0), 5),
    ((1992, 10, 11, 4, 0), 6),
    ((1993, 3, 14, 3, 0), 5),
    ((1993, 10, 10, 4, 0), 6),
    ((1994, 3, 13, 3, 0), 5),
    ((1994, 10, 9, 4, 0), 6),
    ((1995, 3, 12, 3, 0), 5),
    ((1995, 10, 15, 4, 0), 6),
    ((1996, 3, 10, 3, 0), 5),
    ((1996, 10, 13, 4, 0), 6),
    ((1997, 3, 30, 3, 0), 5),
    ((1997, 10, 12, 4, 0), 6),
    ((1998, 3, 15, 3, 0), 5),
    ((1998, 9, 27, 4, 0), 6),
    ((1999, 4, 4, 3, 0), 5),
    ((1999, 10, 10, 4, 0), 6),
    ((2000, 3, 12, 3, 0), 5),
    ((2000, 10, 15, 4, 0), 6),
    ((2001, 3, 11, 3, 0), 5),
    ((2001, 10, 14, 4, 0), 6),
    ((2002, 3, 10, 3, 0), 5),
    ((2002, 10, 13, 4, 0), 6),
    ((2003, 3, 9, 3, 0), 5),
    ((2003, 10, 12, 4, 0), 6),
    ((2004, 3, 14, 3, 0), 5),
    ((2004, 10, 10, 4, 0), 6),
    ((2005, 3, 13, 3, 0), 5),
    ((2005, 10, 9, 4, 0), 6),
    ((2006, 3, 12, 3, 0), 5),
    ((2006, 10, 15, 4, 0), 6),
    ((2007, 3, 11, 3, 0), 5),
    ((2007, 10, 14, 4, 0), 6),
    ((2008, 3, 30, 3, 0), 5),
    ((2008, 10, 12, 4, 0), 6),
    ((2009, 3, 15, 3, 0), 5),
    ((2009, 10, 11, 4, 0), 6),
    ((2010, 4, 4, 3, 0), 5),
    ((2010, 10, 10, 4, 0), 6),
    ((2011, 5, 8, 3, 0), 5),
    ((2011, 8, 21, 4, 0), 6),
    ((2012, 4, 29, 3, 0), 5),
    ((2012, 9, 2, 4, 0), 6),
    ((2013, 4, 28, 3, 0), 5),
    ((2013, 9, 8, 4, 0), 6),
    ((2014, 4, 27, 3, 0), 5),
    ((2014, 9, 7, 4, 0), 6),
    ((2016, 5, 15, 3, 0), 5),
    ((2016, 8, 14, 4, 0), 6),
    ((2017, 5, 14, 3, 0), 5),
    ((2017, 8, 13, 4, 0), 6),
    ((2018, 5, 13, 3, 0), 5),
    ((2018, 8, 12, 4, 0), 6),
    ((2019, 5, 12, 3, 0), 5),
    ((2019, 8, 11, 4, 0), 6),
    ((2020, 5, 10, 3, 0), 5),
    ((2020, 8, 9, 4, 0), 6),
    ((2021, 5, 9, 3, 0), 5),
    ((2021, 8, 15, 4, 0), 6),
    ((2022, 5, 15, 3, 0), 5),
    ((2022, 8, 14, 4, 0), 6),
    ((2023, 5, 14, 3, 0), 5),
    ((2023, 8, 13, 4, 0), 6),
    ((2024, 5, 12, 3, 0), 5),
    ((2024, 8, 11, 4, 0), 6),
    ((2025, 5, 11, 3, 0), 5),
    ((2025, 8, 10, 4, 0), 6),
    ((2026, 5, 10, 3, 0), 5),
    ((2026, 8, 9, 4, 0), 6),
    ((2027, 5, 9, 3, 0), 5),
    ((2027, 8, 15, 4, 0), 6),
    ((2028, 5, 14, 3, 0), 5),
    ((2028, 8, 13, 4, 0), 6),
    ((2029, 5, 13, 3, 0), 5),
    ((2029, 8, 12, 4, 0), 6),
    ((2030, 5, 12, 3, 0), 5),
    ((2030, 8, 11, 4, 0), 6),
    ((2031, 5, 11, 3, 0), 5),
    ((2031, 8, 10, 4, 0), 6),
    ((2032, 5, 9, 3, 0), 5),
    ((2032, 8, 15, 4, 0), 6),
    ((2033, 5, 15, 3, 0), 5),
    ((2033, 8, 14, 4, 0), 6),
    ((2034, 5, 14, 3, 0), 5),
    ((2034, 8, 13, 4, 0), 6),
    ((2035, 5, 13, 3, 0), 5),
    ((2035, 8, 12, 4, 0), 6),
    ((2036, 5, 11, 3, 0), 5),
    ((2036, 8, 10, 4, 0), 6),
    ((2037, 5, 10, 3, 0), 5),
    ((2037, 8, 9, 4, 0), 6)
]
posix = 'EAST6EASST,M8.2.6/22,M5.2.6/22'
