types = [
    ((11, 13, 16), 0, 'LMT'),
    (12, 1, 'VUST'),
    (11, 0, 'VUT')
]
times = [
    ((1, 1, 2, 0, 0), 0),
    ((1912, 1, 12, 12, 46, 44), 2),
    ((1983, 9, 24, 13, 0), 1),
    ((1984, 3, 24, 12, 0), 2),
    ((1984, 10, 22, 13, 0), 1),
    ((1985, 3, 23, 12, 0), 2),
    ((1985, 9, 28, 13, 0), 1),
    ((1986, 3, 22, 12, 0), 2),
    ((1986, 9, 27, 13, 0), 1),
    ((1987, 3, 28, 12, 0), 2),
    ((1987, 9, 26, 13, 0), 1),
    ((1988, 3, 26, 12, 0), 2),
    ((1988, 9, 24, 13, 0), 1),
    ((1989, 3, 25, 12, 0), 2),
    ((1989, 9, 23, 13, 0), 1),
    ((1990, 3, 24, 12, 0), 2),
    ((1990, 9, 22, 13, 0), 1),
    ((1991, 3, 23, 12, 0), 2),
    ((1991, 9, 28, 13, 0), 1),
    ((1992, 1, 25, 12, 0), 2),
    ((1992, 10, 24, 13, 0), 1),
    ((1993, 1, 23, 12, 0), 2)
]
posix = 'VUT-11'
