types = [
    ((11, 55, 44), 0, 'LMT'),
    (13, 1, 'FJST'),
    (12, 0, 'FJT')
]
times = [
    ((1, 1, 2, 0, 0), 0),
    ((1915, 10, 25, 12, 4, 16), 2),
    ((1998, 10, 31, 14, 0), 1),
    ((1999, 2, 27, 14, 0), 2),
    ((1999, 11, 6, 14, 0), 1),
    ((2000, 2, 26, 14, 0), 2),
    ((2009, 11, 28, 14, 0), 1),
    ((2010, 3, 27, 14, 0), 2),
    ((2010, 10, 23, 14, 0), 1),
    ((2011, 3, 5, 14, 0), 2),
    ((2011, 10, 22, 14, 0), 1),
    ((2012, 1, 21, 14, 0), 2),
    ((2012, 10, 20, 14, 0), 1),
    ((2013, 1, 19, 14, 0), 2),
    ((2013, 10, 26, 14, 0), 1),
    ((2014, 1, 18, 13, 0), 2),
    ((2014, 11, 1, 14, 0), 1),
    ((2015, 1, 17, 14, 0), 2),
    ((2015, 10, 31, 14, 0), 1),
    ((2016, 1, 16, 14, 0), 2),
    ((2016, 11, 5, 14, 0), 1),
    ((2017, 1, 14, 14, 0), 2),
    ((2017, 11, 4, 14, 0), 1),
    ((2018, 1, 20, 14, 0), 2),
    ((2018, 11, 3, 14, 0), 1),
    ((2019, 1, 19, 14, 0), 2),
    ((2019, 11, 2, 14, 0), 1),
    ((2020, 1, 18, 14, 0), 2),
    ((2020, 10, 31, 14, 0), 1),
    ((2021, 1, 16, 14, 0), 2),
    ((2021, 11, 6, 14, 0), 1),
    ((2022, 1, 15, 14, 0), 2),
    ((2022, 11, 5, 14, 0), 1),
    ((2023, 1, 14, 14, 0), 2),
    ((2023, 11, 4, 14, 0), 1),
    ((2024, 1, 20, 14, 0), 2),
    ((2024, 11, 2, 14, 0), 1),
    ((2025, 1, 18, 14, 0), 2),
    ((2025, 11, 1, 14, 0), 1),
    ((2026, 1, 17, 14, 0), 2),
    ((2026, 10, 31, 14, 0), 1),
    ((2027, 1, 16, 14, 0), 2),
    ((2027, 11, 6, 14, 0), 1),
    ((2028, 1, 15, 14, 0), 2),
    ((2028, 11, 4, 14, 0), 1),
    ((2029, 1, 20, 14, 0), 2),
    ((2029, 11, 3, 14, 0), 1),
    ((2030, 1, 19, 14, 0), 2),
    ((2030, 11, 2, 14, 0), 1),
    ((2031, 1, 18, 14, 0), 2),
    ((2031, 11, 1, 14, 0), 1),
    ((2032, 1, 17, 14, 0), 2),
    ((2032, 11, 6, 14, 0), 1),
    ((2033, 1, 15, 14, 0), 2),
    ((2033, 11, 5, 14, 0), 1),
    ((2034, 1, 14, 14, 0), 2),
    ((2034, 11, 4, 14, 0), 1),
    ((2035, 1, 20, 14, 0), 2),
    ((2035, 11, 3, 14, 0), 1),
    ((2036, 1, 19, 14, 0), 2),
    ((2036, 11, 1, 14, 0), 1),
    ((2037, 1, 17, 14, 0), 2),
    ((2037, 10, 31, 14, 0), 1)
]
posix = 'FJT-12FJST,M11.1.0,M1.3.0/3'
