types = [
    ((-10, -39, -4), 0, 'LMT'),
    ((-10, -30), 0, 'CKT'),
    (-10, 0, 'CKT'),
    ((-9, -30), (0, 30), 'CKHST')
]
times = [
    ((1, 1, 2, 0, 0), 0),
    ((1901, 1, 1, 10, 39, 4), 1),
    ((1978, 11, 12, 10, 30), 3),
    ((1979, 3, 4, 9, 30), 2),
    ((1979, 10, 28, 10, 0), 3),
    ((1980, 3, 2, 9, 30), 2),
    ((1980, 10, 26, 10, 0), 3),
    ((1981, 3, 1, 9, 30), 2),
    ((1981, 10, 25, 10, 0), 3),
    ((1982, 3, 7, 9, 30), 2),
    ((1982, 10, 31, 10, 0), 3),
    ((1983, 3, 6, 9, 30), 2),
    ((1983, 10, 30, 10, 0), 3),
    ((1984, 3, 4, 9, 30), 2),
    ((1984, 10, 28, 10, 0), 3),
    ((1985, 3, 3, 9, 30), 2),
    ((1985, 10, 27, 10, 0), 3),
    ((1986, 3, 2, 9, 30), 2),
    ((1986, 10, 26, 10, 0), 3),
    ((1987, 3, 1, 9, 30), 2),
    ((1987, 10, 25, 10, 0), 3),
    ((1988, 3, 6, 9, 30), 2),
    ((1988, 10, 30, 10, 0), 3),
    ((1989, 3, 5, 9, 30), 2),
    ((1989, 10, 29, 10, 0), 3),
    ((1990, 3, 4, 9, 30), 2),
    ((1990, 10, 28, 10, 0), 3),
    ((1991, 3, 3, 9, 30), 2)
]
posix = 'CKT10'
