types = [
    (0, 0, '-00'),
    (10, 0, 'AEST'),
    (11, 1, 'AEDT'),
    (0, 0, '-00'),
    (11, 1, 'AEDT'),
    (10, 0, 'AEST'),
    (11, 0, 'MIST')
]
times = [
    ((1, 1, 2, 0, 0), 0),
    ((1899, 11, 1, 0, 0), 1),
    ((1916, 9, 30, 16, 0), 2),
    ((1917, 3, 24, 15, 0), 1),
    ((1919, 3, 31, 14, 0), 3),
    ((1948, 3, 25, 0, 0), 1),
    ((1967, 9, 30, 16, 0), 4),
    ((1968, 3, 30, 16, 0), 5),
    ((1968, 10, 26, 16, 0), 4),
    ((1969, 3, 8, 16, 0), 5),
    ((1969, 10, 25, 16, 0), 4),
    ((1970, 3, 7, 16, 0), 5),
    ((1970, 10, 24, 16, 0), 4),
    ((1971, 3, 13, 16, 0), 5),
    ((1971, 10, 30, 16, 0), 4),
    ((1972, 2, 26, 16, 0), 5),
    ((1972, 10, 28, 16, 0), 4),
    ((1973, 3, 3, 16, 0), 5),
    ((1973, 10, 27, 16, 0), 4),
    ((1974, 3, 2, 16, 0), 5),
    ((1974, 10, 26, 16, 0), 4),
    ((1975, 3, 1, 16, 0), 5),
    ((1975, 10, 25, 16, 0), 4),
    ((1976, 3, 6, 16, 0), 5),
    ((1976, 10, 30, 16, 0), 4),
    ((1977, 3, 5, 16, 0), 5),
    ((1977, 10, 29, 16, 0), 4),
    ((1978, 3, 4, 16, 0), 5),
    ((1978, 10, 28, 16, 0), 4),
    ((1979, 3, 3, 16, 0), 5),
    ((1979, 10, 27, 16, 0), 4),
    ((1980, 3, 1, 16, 0), 5),
    ((1980, 10, 25, 16, 0), 4),
    ((1981, 2, 28, 16, 0), 5),
    ((1981, 10, 24, 16, 0), 4),
    ((1982, 3, 27, 16, 0), 5),
    ((1982, 10, 30, 16, 0), 4),
    ((1983, 3, 26, 16, 0), 5),
    ((1983, 10, 29, 16, 0), 4),
    ((1984, 3, 3, 16, 0), 5),
    ((1984, 10, 27, 16, 0), 4),
    ((1985, 3, 2, 16, 0), 5),
    ((1985, 10, 26, 16, 0), 4),
    ((1986, 3, 1, 16, 0), 5),
    ((1986, 10, 18, 16, 0), 4),
    ((1987, 3, 14, 16, 0), 5),
    ((1987, 10, 24, 16, 0), 4),
    ((1988, 3, 19, 16, 0), 5),
    ((1988, 10, 29, 16, 0), 4),
    ((1989, 3, 18, 16, 0), 5),
    ((1989, 10, 28, 16, 0), 4),
    ((1990, 3, 17, 16, 0), 5),
    ((1990, 10, 27, 16, 0), 4),
    ((1991, 3, 30, 16, 0), 5),
    ((1991, 10, 5, 16, 0), 4),
    ((1992, 3, 28, 16, 0), 5),
    ((1992, 10, 3, 16, 0), 4),
    ((1993, 3, 27, 16, 0), 5),
    ((1993, 10, 2, 16, 0), 4),
    ((1994, 3, 26, 16, 0), 5),
    ((1994, 10, 1, 16, 0), 4),
    ((1995, 3, 25, 16, 0), 5),
    ((1995, 9, 30, 16, 0), 4),
    ((1996, 3, 30, 16, 0), 5),
    ((1996, 10, 5, 16, 0), 4),
    ((1997, 3, 29, 16, 0), 5),
    ((1997, 10, 4, 16, 0), 4),
    ((1998, 3, 28, 16, 0), 5),
    ((1998, 10, 3, 16, 0), 4),
    ((1999, 3, 27, 16, 0), 5),
    ((1999, 10, 2, 16, 0), 4),
    ((2000, 3, 25, 16, 0), 5),
    ((2000, 8, 26, 16, 0), 4),
    ((2001, 3, 24, 16, 0), 5),
    ((2001, 10, 6, 16, 0), 4),
    ((2002, 3, 30, 16, 0), 5),
    ((2002, 10, 5, 16, 0), 4),
    ((2003, 3, 29, 16, 0), 5),
    ((2003, 10, 4, 16, 0), 4),
    ((2004, 3, 27, 16, 0), 5),
    ((2004, 10, 2, 16, 0), 4),
    ((2005, 3, 26, 16, 0), 5),
    ((2005, 10, 1, 16, 0), 4),
    ((2006, 4, 1, 16, 0), 5),
    ((2006, 9, 30, 16, 0), 4),
    ((2007, 3, 24, 16, 0), 5),
    ((2007, 10, 6, 16, 0), 4),
    ((2008, 4, 5, 16, 0), 5),
    ((2008, 10, 4, 16, 0), 4),
    ((2009, 4, 4, 16, 0), 5),
    ((2009, 10, 3, 16, 0), 4),
    ((2010, 4, 3, 16, 0), 6)
]
posix = 'MIST-11'
