types = [
    (0, 0, '-00'),
    (-4, 0, 'ART'),
    (-3, 1, 'ARST'),
    (-2, 1, 'ARST'),
    (-3, 0, 'ART'),
    (-3, 1, 'CLST'),
    (-4, 0, 'CLT'),
    (-4, 0, 'CLT')
]
times = [
    ((1, 1, 2, 0, 0), 0),
    ((1965, 1, 1, 0, 0), 2),
    ((1965, 3, 1, 3, 0), 1),
    ((1965, 10, 15, 4, 0), 2),
    ((1966, 3, 1, 3, 0), 1),
    ((1966, 10, 15, 4, 0), 2),
    ((1967, 4, 2, 3, 0), 1),
    ((1967, 10, 1, 4, 0), 2),
    ((1968, 4, 7, 3, 0), 1),
    ((1968, 10, 6, 4, 0), 2),
    ((1969, 4, 6, 3, 0), 1),
    ((1969, 10, 5, 4, 0), 4),
    ((1974, 1, 23, 3, 0), 3),
    ((1974, 5, 1, 2, 0), 4),
    ((1982, 5, 1, 3, 0), 7),
    ((1982, 10, 10, 4, 0), 5),
    ((1983, 3, 13, 3, 0), 6),
    ((1983, 10, 9, 4, 0), 5),
    ((1984, 3, 11, 3, 0), 6),
    ((1984, 10, 14, 4, 0), 5),
    ((1985, 3, 10, 3, 0), 6),
    ((1985, 10, 13, 4, 0), 5),
    ((1986, 3, 9, 3, 0), 6),
    ((1986, 10, 12, 4, 0), 5),
    ((1987, 4, 12, 3, 0), 6),
    ((1987, 10, 11, 4, 0), 5),
    ((1988, 3, 13, 3, 0), 6),
    ((1988, 10, 9, 4, 0), 5),
    ((1989, 3, 12, 3, 0), 6),
    ((1989, 10, 15, 4, 0), 5),
    ((1990, 3, 11, 3, 0), 6),
    ((1990, 9, 16, 4, 0), 5),
    ((1991, 3, 10, 3, 0), 6),
    ((1991, 10, 13, 4, 0), 5),
    ((1992, 3, 15, 3, 0), 6),
    ((1992, 10, 11, 4, 0), 5),
    ((1993, 3, 14, 3, 0), 6),
    ((1993, 10, 10, 4, 0), 5),
    ((1994, 3, 13, 3, 0), 6),
    ((1994, 10, 9, 4, 0), 5),
    ((1995, 3, 12, 3, 0), 6),
    ((1995, 10, 15, 4, 0), 5),
    ((1996, 3, 10, 3, 0), 6),
    ((1996, 10, 13, 4, 0), 5),
    ((1997, 3, 30, 3, 0), 6),
    ((1997, 10, 12, 4, 0), 5),
    ((1998, 3, 15, 3, 0), 6),
    ((1998, 9, 27, 4, 0), 5),
    ((1999, 4, 4, 3, 0), 6),
    ((1999, 10, 10, 4, 0), 5),
    ((2000, 3, 12, 3, 0), 6),
    ((2000, 10, 15, 4, 0), 5),
    ((2001, 3, 11, 3, 0), 6),
    ((2001, 10, 14, 4, 0), 5),
    ((2002, 3, 10, 3, 0), 6),
    ((2002, 10, 13, 4, 0), 5),
    ((2003, 3, 9, 3, 0), 6),
    ((2003, 10, 12, 4, 0), 5),
    ((2004, 3, 14, 3, 0), 6),
    ((2004, 10, 10, 4, 0), 5),
    ((2005, 3, 13, 3, 0), 6),
    ((2005, 10, 9, 4, 0), 5),
    ((2006, 3, 12, 3, 0), 6),
    ((2006, 10, 15, 4, 0), 5),
    ((2007, 3, 11, 3, 0), 6),
    ((2007, 10, 14, 4, 0), 5),
    ((2008, 3, 30, 3, 0), 6),
    ((2008, 10, 12, 4, 0), 5),
    ((2009, 3, 15, 3, 0), 6),
    ((2009, 10, 11, 4, 0), 5),
    ((2010, 4, 4, 3, 0), 6),
    ((2010, 10, 10, 4, 0), 5),
    ((2011, 5, 8, 3, 0), 6),
    ((2011, 8, 21, 4, 0), 5),
    ((2012, 4, 29, 3, 0), 6),
    ((2012, 9, 2, 4, 0), 5),
    ((2013, 4, 28, 3, 0), 6),
    ((2013, 9, 8, 4, 0), 5),
    ((2014, 4, 27, 3, 0), 6),
    ((2014, 9, 7, 4, 0), 5),
    ((2016, 5, 15, 3, 0), 6),
    ((2016, 8, 14, 4, 0), 5),
    ((2017, 5, 14, 3, 0), 6),
    ((2017, 8, 13, 4, 0), 5),
    ((2018, 5, 13, 3, 0), 6),
    ((2018, 8, 12, 4, 0), 5),
    ((2019, 5, 12, 3, 0), 6),
    ((2019, 8, 11, 4, 0), 5),
    ((2020, 5, 10, 3, 0), 6),
    ((2020, 8, 9, 4, 0), 5),
    ((2021, 5, 9, 3, 0), 6),
    ((2021, 8, 15, 4, 0), 5),
    ((2022, 5, 15, 3, 0), 6),
    ((2022, 8, 14, 4, 0), 5),
    ((2023, 5, 14, 3, 0), 6),
    ((2023, 8, 13, 4, 0), 5),
    ((2024, 5, 12, 3, 0), 6),
    ((2024, 8, 11, 4, 0), 5),
    ((2025, 5, 11, 3, 0), 6),
    ((2025, 8, 10, 4, 0), 5),
    ((2026, 5, 10, 3, 0), 6),
    ((2026, 8, 9, 4, 0), 5),
    ((2027, 5, 9, 3, 0), 6),
    ((2027, 8, 15, 4, 0), 5),
    ((2028, 5, 14, 3, 0), 6),
    ((2028, 8, 13, 4, 0), 5),
    ((2029, 5, 13, 3, 0), 6),
    ((2029, 8, 12, 4, 0), 5),
    ((2030, 5, 12, 3, 0), 6),
    ((2030, 8, 11, 4, 0), 5),
    ((2031, 5, 11, 3, 0), 6),
    ((2031, 8, 10, 4, 0), 5),
    ((2032, 5, 9, 3, 0), 6),
    ((2032, 8, 15, 4, 0), 5),
    ((2033, 5, 15, 3, 0), 6),
    ((2033, 8, 14, 4, 0), 5),
    ((2034, 5, 14, 3, 0), 6),
    ((2034, 8, 13, 4, 0), 5),
    ((2035, 5, 13, 3, 0), 6),
    ((2035, 8, 12, 4, 0), 5),
    ((2036, 5, 11, 3, 0), 6),
    ((2036, 8, 10, 4, 0), 5),
    ((2037, 5, 10, 3, 0), 6),
    ((2037, 8, 9, 4, 0), 5)
]
posix = 'CLT4CLST,M8.2.6/24,M5.2.6/24'
