types = [
    ((-6, -45, -39), 0, 'LMT'),
    (-6, 1, 'MDT'),
    (-7, 0, 'MST'),
    (-6, 1, 'MWT'),
    (-6, 1, 'MPT'),
    (-5, 1, 'CDT'),
    (-6, 0, 'CST')
]
times = [
    ((1, 1, 2, 0, 0), 0),
    ((1883, 11, 18, 19, 0), 2),
    ((1918, 3, 31, 9, 0), 1),
    ((1918, 10, 27, 8, 0), 2),
    ((1919, 3, 30, 9, 0), 1),
    ((1919, 10, 26, 8, 0), 2),
    ((1942, 2, 9, 9, 0), 3),
    ((1945, 8, 14, 23, 0), 4),
    ((1945, 9, 30, 8, 0), 2),
    ((1967, 4, 30, 9, 0), 1),
    ((1967, 10, 29, 8, 0), 2),
    ((1968, 4, 28, 9, 0), 1),
    ((1968, 10, 27, 8, 0), 2),
    ((1969, 4, 27, 9, 0), 1),
    ((1969, 10, 26, 8, 0), 2),
    ((1970, 4, 26, 9, 0), 1),
    ((1970, 10, 25, 8, 0), 2),
    ((1971, 4, 25, 9, 0), 1),
    ((1971, 10, 31, 8, 0), 2),
    ((1972, 4, 30, 9, 0), 1),
    ((1972, 10, 29, 8, 0), 2),
    ((1973, 4, 29, 9, 0), 1),
    ((1973, 10, 28, 8, 0), 2),
    ((1974, 1, 6, 9, 0), 1),
    ((1974, 10, 27, 8, 0), 2),
    ((1975, 2, 23, 9, 0), 1),
    ((1975, 10, 26, 8, 0), 2),
    ((1976, 4, 25, 9, 0), 1),
    ((1976, 10, 31, 8, 0), 2),
    ((1977, 4, 24, 9, 0), 1),
    ((1977, 10, 30, 8, 0), 2),
    ((1978, 4, 30, 9, 0), 1),
    ((1978, 10, 29, 8, 0), 2),
    ((1979, 4, 29, 9, 0), 1),
    ((1979, 10, 28, 8, 0), 2),
    ((1980, 4, 27, 9, 0), 1),
    ((1980, 10, 26, 8, 0), 2),
    ((1981, 4, 26, 9, 0), 1),
    ((1981, 10, 25, 8, 0), 2),
    ((1982, 4, 25, 9, 0), 1),
    ((1982, 10, 31, 8, 0), 2),
    ((1983, 4, 24, 9, 0), 1),
    ((1983, 10, 30, 8, 0), 2),
    ((1984, 4, 29, 9, 0), 1),
    ((1984, 10, 28, 8, 0), 2),
    ((1985, 4, 28, 9, 0), 1),
    ((1985, 10, 27, 8, 0), 2),
    ((1986, 4, 27, 9, 0), 1),
    ((1986, 10, 26, 8, 0), 2),
    ((1987, 4, 5, 9, 0), 1),
    ((1987, 10, 25, 8, 0), 2),
    ((1988, 4, 3, 9, 0), 1),
    ((1988, 10, 30, 8, 0), 2),
    ((1989, 4, 2, 9, 0), 1),
    ((1989, 10, 29, 8, 0), 2),
    ((1990, 4, 1, 9, 0), 1),
    ((1990, 10, 28, 8, 0), 2),
    ((1991, 4, 7, 9, 0), 1),
    ((1991, 10, 27, 8, 0), 2),
    ((1992, 4, 5, 9, 0), 1),
    ((1992, 10, 25, 8, 0), 2),
    ((1993, 4, 4, 9, 0), 1),
    ((1993, 10, 31, 8, 0), 2),
    ((1994, 4, 3, 9, 0), 1),
    ((1994, 10, 30, 8, 0), 2),
    ((1995, 4, 2, 9, 0), 1),
    ((1995, 10, 29, 8, 0), 2),
    ((1996, 4, 7, 9, 0), 1),
    ((1996, 10, 27, 8, 0), 2),
    ((1997, 4, 6, 9, 0), 1),
    ((1997, 10, 26, 8, 0), 2),
    ((1998, 4, 5, 9, 0), 1),
    ((1998, 10, 25, 8, 0), 2),
    ((1999, 4, 4, 9, 0), 1),
    ((1999, 10, 31, 8, 0), 2),
    ((2000, 4, 2, 9, 0), 1),
    ((2000, 10, 29, 8, 0), 2),
    ((2001, 4, 1, 9, 0), 1),
    ((2001, 10, 28, 8, 0), 2),
    ((2002, 4, 7, 9, 0), 1),
    ((2002, 10, 27, 8, 0), 2),
    ((2003, 4, 6, 9, 0), 1),
    ((2003, 10, 26, 8, 0), 6),
    ((2004, 4, 4, 8, 0), 5),
    ((2004, 10, 31, 7, 0), 6),
    ((2005, 4, 3, 8, 0), 5),
    ((2005, 10, 30, 7, 0), 6),
    ((2006, 4, 2, 8, 0), 5),
    ((2006, 10, 29, 7, 0), 6),
    ((2007, 3, 11, 8, 0), 5),
    ((2007, 11, 4, 7, 0), 6),
    ((2008, 3, 9, 8, 0), 5),
    ((2008, 11, 2, 7, 0), 6),
    ((2009, 3, 8, 8, 0), 5),
    ((2009, 11, 1, 7, 0), 6),
    ((2010, 3, 14, 8, 0), 5),
    ((2010, 11, 7, 7, 0), 6),
    ((2011, 3, 13, 8, 0), 5),
    ((2011, 11, 6, 7, 0), 6),
    ((2012, 3, 11, 8, 0), 5),
    ((2012, 11, 4, 7, 0), 6),
    ((2013, 3, 10, 8, 0), 5),
    ((2013, 11, 3, 7, 0), 6),
    ((2014, 3, 9, 8, 0), 5),
    ((2014, 11, 2, 7, 0), 6),
    ((2015, 3, 8, 8, 0), 5),
    ((2015, 11, 1, 7, 0), 6),
    ((2016, 3, 13, 8, 0), 5),
    ((2016, 11, 6, 7, 0), 6),
    ((2017, 3, 12, 8, 0), 5),
    ((2017, 11, 5, 7, 0), 6),
    ((2018, 3, 11, 8, 0), 5),
    ((2018, 11, 4, 7, 0), 6),
    ((2019, 3, 10, 8, 0), 5),
    ((2019, 11, 3, 7, 0), 6),
    ((2020, 3, 8, 8, 0), 5),
    ((2020, 11, 1, 7, 0), 6),
    ((2021, 3, 14, 8, 0), 5),
    ((2021, 11, 7, 7, 0), 6),
    ((2022, 3, 13, 8, 0), 5),
    ((2022, 11, 6, 7, 0), 6),
    ((2023, 3, 12, 8, 0), 5),
    ((2023, 11, 5, 7, 0), 6),
    ((2024, 3, 10, 8, 0), 5),
    ((2024, 11, 3, 7, 0), 6),
    ((2025, 3, 9, 8, 0), 5),
    ((2025, 11, 2, 7, 0), 6),
    ((2026, 3, 8, 8, 0), 5),
    ((2026, 11, 1, 7, 0), 6),
    ((2027, 3, 14, 8, 0), 5),
    ((2027, 11, 7, 7, 0), 6),
    ((2028, 3, 12, 8, 0), 5),
    ((2028, 11, 5, 7, 0), 6),
    ((2029, 3, 11, 8, 0), 5),
    ((2029, 11, 4, 7, 0), 6),
    ((2030, 3, 10, 8, 0), 5),
    ((2030, 11, 3, 7, 0), 6),
    ((2031, 3, 9, 8, 0), 5),
    ((2031, 11, 2, 7, 0), 6),
    ((2032, 3, 14, 8, 0), 5),
    ((2032, 11, 7, 7, 0), 6),
    ((2033, 3, 13, 8, 0), 5),
    ((2033, 11, 6, 7, 0), 6),
    ((2034, 3, 12, 8, 0), 5),
    ((2034, 11, 5, 7, 0), 6),
    ((2035, 3, 11, 8, 0), 5),
    ((2035, 11, 4, 7, 0), 6),
    ((2036, 3, 9, 8, 0), 5),
    ((2036, 11, 2, 7, 0), 6),
    ((2037, 3, 8, 8, 0), 5),
    ((2037, 11, 1, 7, 0), 6)
]
posix = 'CST6CDT,M3.2.0,M11.1.0'
